   1      "uu-k+oo"    5    6.998870   6.738041  12.998883
   2       "s-a+j^"    5   21.324076  14.496526   4.999296
   3       "m^-w+i"    5  141.783661  82.815689  77.191833
   4       "a-j^+z"   25   50.910618 111.266167  93.672775
   5       "uu-h+u"    5    6.997303   7.074784   9.378363
   6     "j^-th+@@"    5    5.222073   4.999507   4.999507
   7     "uua-n^+j"    5   16.997513   6.998724  11.997048
   8       "uu-m+a"    5   12.922097  25.061136   4.997760
   9       "uu-n+a"    5   19.242479   4.999087   4.999087
  10      "n^-j+aa"    5  133.027344  70.707108  25.209707
  11      "a-j^+ph"    5    6.999041   8.999486  30.995975
  12      "a-j^+th"    5    9.232862  22.541647  25.995996
  13       "uu-s+a"    5    7.002376   5.997596   6.989989
  14       "a-l+aa"    5    8.999964   7.996659   8.996216
  15       "a-l+ee"    5   34.989929  10.997270   9.997449
  16      "oo-t^+f"    5  163.945770  63.782104  34.101933
  17      "n-@@+n^"    5   20.994690   7.531795   4.998913
  18      "m^-ph+a"    5   10.997785  15.511487  39.710529
  19      "a-w^+th"    5    7.997826  14.977468  11.015131
  20    "iia-w^+ph"    5   26.885017  13.995230   6.998297
  21    "iia-w^+th"    5   85.647949  90.483582  76.268585
  22      "b-aa+n^"    5   31.000202   6.109316  30.919888
  23      "@@-n^+d"    5   10.998133   6.999074  12.997709
  24      "@@-n^+f"    5    4.999260   4.999260   4.999260
  25      "@@-n^+l"   10   73.972832  12.007926  14.004935
  26      "@@-n^+n"    5   12.999633   4.998913   4.998913
  27      "@@-n^+t"    5   20.989523   4.997760   4.997760
  28      "@@-n^+z"    5   11.901525  12.087191   8.998246
  29        "a-l+a"   10   57.926884  26.915113  27.096302
  30      "a-ng^+k"    5    4.997760   4.997760   4.997760
  31      "a-ng^+s"   10   12.023814  10.000161  12.996490
  32      "a-ng^+t"    5    4.998155   4.998155   5.997763
  33       "w^-k+@"    5   19.994549  12.996400  18.994724
  34     "ng^-s+vv"    5    7.035177  22.993500  44.962856
  35      "z-aa+n^"    5   26.998037  31.236307  13.800008
  36      "n^-s+@@"    5    4.998068   4.998068   4.998068
  37       "a-d+oo"    5    9.200773   7.964704  12.995715
  38    "aa-th+iia"    5   20.995144  12.996254   5.115109
  39      "w-i+ng^"    5   33.104675  18.880436  67.064133
  40     "ng^-k+@@"    5   18.991224  12.994176  30.975147
  41      "a-m^+kh"    5   25.953548  13.005795  22.147057
  42     "ee-m^+ph"    5   17.994793   7.998412  13.996865
  43      "n^-k+ee"    5    4.999022   6.998464  10.008265
  44      "s-vv+ph"    5   59.982044  57.559338  50.383404
  45     "aa-n^+ph"   10   10.001153  11.997957  10.998633
  46      "t-@@+j^"    5    4.998220  22.992804   4.998220
  47      "f-a+ng^"    5    4.999260   4.999260   4.999260
  48       "a-m+aa"    5   35.715519  17.011818  24.330763
  49    "m-uua+ng^"    5    9.000013   4.999933  80.994568
  50      "h-aa+n^"   25  190.405167  95.158531  35.455444
  51       "s-aa+h"    5   36.982368   7.018053  12.998690
  52      "m-a+ng^"    5    4.997760   4.997760   7.996217
  53      "x-ng^+s"    5    7.998790   4.999296   5.008330
  54       "a-t^+h"    5   34.973831  73.338623  41.618942
  55     "ng^-t+@@"    5   21.925631  96.031334  49.729115
  56        "@@-s^"    5   80.964325  23.007296  62.163303
  57      "uu-kh+a"    5   75.661652  31.737486 128.532608
  58      "t^-s+aa"    5    8.999659   4.999846   6.999714
  59      "a-p^+th"    5  144.919891  92.914001  62.281403
  60      "n^-t+@@"    5   24.988802  56.925842  35.127087
  61      "b-@@+s^"    5   11.994013  13.993064   8.995715
  62      "s-@@+m^"   30   49.751038 150.224304 108.003227
  63    "uua-ng^+h"    5    5.999689  10.999691   4.999763
  64      "aa-th+i"    5    4.998286   7.997141   7.997133
  65      "n^-l+ee"    5    4.999043  11.015191  36.780819
  66      "l-a+ng^"    5    8.977907   4.998155   4.998155
  67      "d-oo+t^"    5   10.996887   8.997069  25.080549
  68       "i-t^+s"    5   65.316452  74.052170  66.625076
  69      "m^-t+@@"   20   70.929214 208.430267 210.221039
  70    "ph-vva+n^"    5  212.450790  90.161171  31.094675
  71    "w^-th+iia"    5    4.998633   4.998633   4.998633
  72      "n^-d+uu"    5   81.531044  54.369415  30.064938
  73      "a-m+uua"    5   56.775139  27.004288  22.105083
  74       "h-a+j^"   25   73.261299  41.178280  99.817856
  75        "m-a+m"    5    4.999770   4.999855  10.107297
  76      "m-aa+th"    5  114.737518  41.796272  12.995297
  77     "r-aa+ng^"    5   59.769585  11.209612   4.998610
  78          "h+a"    5    5.002677  14.999874   9.000470
  79      "aa-m^+t"    5   32.987267  12.994987  26.989552
  80       "l-a+p^"    5   10.998789  13.997180  17.941938
  81       "j^-f+v"    5    6.847723   4.998188   5.000875
  82       "l-a+t^"    5   15.006961  12.990209   7.999821
  83       "ph-a+l"    5   15.820846   8.190062   5.052145
  84       "n-a+m^"    5    6.999154   5.062683   9.971310
  85     "@@-j^+ph"    5    4.998158   7.996994   4.998158
  86     "aa-ng^+f"    5    4.998610   8.997576   8.997576
  87    "vva-n^+th"    5    7.044436   8.998091   8.997401
  88          "sil"   10   24.390707  46.431561  57.953247
  89       "n^-f+a"    5   17.996382   4.999260   4.999260
  90       "th-a+l"    5    4.998680   4.998680   4.998680
  91      "l-aa+m^"    5    4.997982   4.997982   4.997982
  92     "th-@@+t^"    5    4.999507   8.998839   8.998966
  93    "p^-th+iia"    5   39.420170  28.437590   6.998484
  94      "m^-kh+x"    5   91.155144  63.452442  15.227274
  95       "n^-k+a"    5   61.920547  18.046644  19.024126
  96     "m^-pl+@@"    5   59.369183  42.646435  15.033636
  97       "n^-l+a"    5    4.998913   4.998913   8.998082
  98       "n^-m+a"    5   67.051208   8.943844   4.999770
  99       "n^-n+a"   10   10.008405  19.939047  11.998169
 100       "th-i+f"    5    4.998286   4.998286   6.997539
 101      "@@-s+uu"   25  106.198822  97.773087  51.041237
 102       "n^-s+a"    5    8.999063  14.998503  47.412140
 103     "@@-m^+kr"    5    9.031913   4.998428   8.990790
 104     "@@-m^+pl"    5    9.204688   8.996606  10.906711
 105      "m^-kr+a"    5  133.847015  47.124981 104.945908
 106      "aa-n^+k"    5    6.999108   6.999366  10.999303
 107      "aa-n^+m"    5    7.101998  11.152069  10.846680
 108      "aa-n^+n"   10   39.889309  12.068167  10.046629
 109      "aa-n^+s"    5    7.002492   4.999576  10.998871
 110      "n^-n+@@"    5    6.998497   6.998497   8.464392
 111   "phl-ee+ng^"    5   10.232979  10.779679  22.202950
 112     "w^-ph+uu"    5   19.994446   8.997617   4.998639
 113       "t^-f+v"    5    6.997891  10.853119  31.144178
 114        "s-a+l"   10   15.580189   9.997973  29.993074
 115        "s-a+m"    5    7.016068   8.744907   9.557537
 116       "t^-h+a"   10   20.825764  14.675406  29.880440
 117      "w^-b+aa"    5   15.995806  17.945013  36.993423
 118      "@@-j^+f"    5    4.998220  10.995989  73.120811
 119      "aa-h+aa"   25   55.304569  60.652782 143.201218
 120        "i-f+v"    5   43.861473  12.117792  11.031940
 121      "ng^-f+v"   10   12.012858  11.980208  17.990019
 122     "w^-s+uua"    5    4.998873   6.998470  10.997573
 123      "ng^-h+a"    5    4.999763  13.999353   4.999763
 124      "j-aa+th"    5    5.992397   5.004972   4.998777
 125      "i-ng^+f"    5   11.025032   4.998477   4.998477
 126       "t-@@+s"   25  107.934494 109.917641  78.941406
 127       "s-uu+b"    5   42.978539  12.994678  12.656515
 128       "s-uu+h"    5   64.262062  37.645348  15.000952
 129       "s-uu+k"    5   45.398647  32.983833  17.991920
 130       "s-uu+m"    5   72.102188  84.585815  33.183392
 131       "s-uu+s"    5   17.179270  88.701294  61.043072
 132     "ph-@@+n^"   25   65.000740  90.229126  80.231735
 133      "ng^-s+a"   10   33.980434  35.466885  15.738827
 134     "iia-w^+b"    5   14.041183   5.998394   4.998695
 135     "iia-w^+k"    5    7.997720  16.995281  24.993120
 136     "iia-w^+s"    5   18.433386  19.059376   6.937376
 137      "j^-z+aa"   25  438.003571 282.953308  87.842056
 138    "n^-ph+vva"    5   12.996794  23.495960  14.656776
 139    "n^-th+iia"    5   29.226603  21.627451  89.083389
 140      "k-@@+n^"    5    5.008440   4.997760   4.997760
 141      "j^-ph+a"   10   11.005869  13.296979  81.583916
 142      "l-ee+m^"    5    8.665530   4.997824   4.997824
 143      "l-ee+n^"    5  117.164261  15.007024   4.999022
 144      "l-ee+th"    5    4.998680   4.998680   6.998122
 145   "ng^-phl+ee"    5   88.766350  69.211128  30.722570
 146      "ee-m^+t"    5    4.997824   4.997824   4.997824
 147      "n-a+ng^"   15   16.978889  15.000616  15.916551
 148       "h-u+n^"    5   79.521736  37.101910  26.865755
 149    "a-ng^+phl"    5    5.001644   6.996614   9.018394
 150     "s-uua+n^"    5   25.994394  47.646393  41.329792
 151      "kh-a+w^"    5   12.993916   4.998633   4.998633
 152      "a-k^+ph"   25   72.882896  47.996784  48.553745
 153      "k^-s+@@"   25   39.550785  59.911407  39.675453
 154       "u-n^+s"    5    4.998068   4.998068   4.998068
 155     "ph-uu+kh"    5    6.047054   8.948857   5.004348
 156       "kr-a+d"    5    6.997748   9.996994 109.790878
 157       "z-aa+h"   25   79.901405  74.979019  60.444908
 158      "k-ee+m^"    5   45.263329  29.591339  14.115679
 159      "@@-t^+h"    5  107.493614 108.462486  61.022797
 160       "k-oo+l"    5   46.398930  85.723572  18.071886
 161       "f-v+k^"   25   92.004097  43.087116 183.943573
 162     "kh-x+ng^"    5  101.163330  80.513222 108.273033
 163       "@-r+aa"    5   23.993135  26.992348  25.992847
 164      "ee-n^+k"    5   16.060194   7.933931  10.997584
 165    "ee-th+iia"    5   12.016586  16.975609   4.998680
 166      "vv-ph+a"    5   10.033143   6.782354  21.210905
 167        "k-@+r"    5   19.994307  18.994629  19.994715
 168       "aa-h+a"    5   10.999702  13.996021   8.029128
 169       "k-a+j^"    5   16.998409   7.997664   9.000332
 170      "ph-i+t^"    5   33.000179  15.999777  14.998698
 171     "k^-ph+@@"   25   45.127510  50.671913  69.080467
 172    "ee-ng^+ph"    5    8.078129  10.998320  24.937885
 173      "uu-b+@@"    5   30.322662  52.968815   5.002998
 174       "v-k^+s"   25   38.430668  31.941582  37.654613
 175      "w^-th+a"    5    6.999692   4.998680   6.998210
 176      "oo-l+ee"    5   10.996261  17.991171  25.319746
 177      "ph-a+k^"   25   45.855690  32.096123  55.269054
 178    "th-iia+w^"   25   75.997932 102.750320  68.251373
 179     "pl-@@+j^"    5    7.996992  10.995830   4.998158
 180      "n^-z+aa"    5    6.998674  56.987782  40.943649
 181       "d-uu+n"    5   93.028145  22.425146 113.264221
 182     "ng^-ph+a"   10   20.002298  25.625834  75.055862
 183      "@@-m^+n"    5   37.075008  79.968102  16.996101
 184      "@@-m^+t"   10   35.147350  42.319599  51.658844
 185      "@@-m^+w"    5   12.006058   4.998477  13.999267
 186     "a-ng^+ph"    5    4.999087   4.999087  16.996418
 187       "m^-n+a"    5    4.998288  10.996030  12.012553
 188      "n^-ph+i"    5    9.999957   5.014178  11.984828
