   1      "uu-k+oo"    5    6.403323   5.122484  13.009794
   2       "s-a+j^"    5   21.866747  13.988389   4.999283
   3       "m^-w+i"    5  142.373810  82.336433  78.835510
   4       "a-j^+z"   25   50.138741 116.899841  87.601433
   5       "uu-h+u"    5    7.012059   6.792004   8.175194
   6     "j^-th+@@"    5    5.107306   4.999322   4.999322
   7     "uua-n^+j"    5   17.146864   7.040765  11.803041
   8       "uu-m+a"    5    8.368282  27.749079   4.998422
   9       "uu-n+a"    5   20.089424   4.998651   4.998651
  10      "n^-j+aa"    5  134.957825  69.061386  25.092495
  11      "a-j^+ph"    5    6.998645   8.979978  31.012281
  12      "a-j^+th"    5    9.111447  22.824463  25.949209
  13       "uu-s+a"    5    7.065947   5.900884   6.948142
  14       "a-l+aa"    5    9.006939   7.996285   8.995882
  15       "a-l+ee"    5   35.004715  10.995850   9.980465
  16      "oo-t^+f"    5  164.305099  64.384911  32.698948
  17      "n-@@+n^"    5   21.021915   7.156276   4.998441
  18      "m^-ph+a"    5   10.920855  14.029526  44.646423
  19      "a-w^+th"    5    7.979683  14.939965  11.051555
  20    "iia-w^+ph"    5   25.998259  13.980154   7.001581
  21    "iia-w^+th"    5   85.025543  87.715775  80.544495
  22      "b-aa+n^"    5   30.987871   6.461782  28.413353
  23      "@@-n^+d"    5   10.220973   6.964133  13.046072
  24      "@@-n^+f"    5    4.998958   4.998957   4.999397
  25      "@@-n^+l"   10   73.360985  11.664370  14.521015
  26      "@@-n^+n"    5   10.010608   4.998441   4.998441
  27      "@@-n^+t"    5   20.989990   4.997317   4.997317
  28      "@@-n^+z"    5   11.928275  12.004796   8.904593
  29        "a-l+a"   10   58.463623  26.167830  28.057119
  30      "a-ng^+k"    5    4.997363   4.997363   4.997363
  31      "a-ng^+s"   10   12.037677  10.004899  12.995711
  32      "a-ng^+t"    5    4.997585   4.997585   5.997184
  33       "w^-k+@"    5   19.994005  12.995031  18.992691
  34     "ng^-s+vv"    5    6.690088  23.316387  44.955967
  35      "z-aa+n^"    5   26.992725  29.676861  12.746257
  36      "n^-s+@@"    5    4.997561   4.997561   4.997561
  37       "a-d+oo"    5    7.807556   7.254409  12.997846
  38    "aa-th+iia"    5   20.993690  12.996156   5.036960
  39      "w-i+ng^"    5   31.319530  18.264648  69.744713
  40     "ng^-k+@@"    5   18.990541  12.993194  30.894091
  41      "a-m^+kh"    5   26.095879  13.569743  21.492920
  42     "ee-m^+ph"    5   18.015945   7.977556  14.067575
  43      "n^-k+ee"    5    4.998545   6.996653  10.004563
  44      "s-vv+ph"    5   59.997139  57.589798  51.563072
  45     "aa-n^+ph"   10   10.025141  11.869247  11.150810
  46      "t-@@+j^"    5    4.997645  22.988789   4.998023
  47      "f-a+ng^"    5    4.998958   4.998958   4.998958
  48       "a-m+aa"    5   35.673923  17.006592  22.560852
  49    "m-uua+ng^"    5    8.999939   5.000030  80.993065
  50      "h-aa+n^"   25  192.734680  94.789131  31.179316
  51       "s-aa+h"    5   36.327927   7.714381  12.955697
  52      "m-a+ng^"    5    4.997363   4.997363   7.995989
  53      "x-ng^+s"    5    8.000043   4.999082   5.009430
  54       "a-t^+h"    5   35.990948  72.959351  41.097622
  55     "ng^-t+@@"    5   20.415209  97.504555  49.897736
  56        "@@-s^"    5   81.557755  22.996334  61.566597
  57      "uu-kh+a"    5   75.977264  30.796789 132.856140
  58      "t^-s+aa"    5    6.620891   5.114730   6.842724
  59      "a-p^+th"    5  144.847641  92.855385  65.275230
  60      "n^-t+@@"    5   24.986586  56.899899  34.826263
  61      "b-@@+s^"    5   12.321575  13.661251   8.999123
  62      "s-@@+m^"   30   48.657177 155.322189 112.126534
  63    "uua-ng^+h"    5    5.999635  10.871653   5.127587
  64      "aa-th+i"    5    5.066776   7.410066   8.514256
  65      "n^-l+ee"    5    4.998545  11.000161  34.965816
  66      "l-a+ng^"    5    7.932483   4.997585   4.997585
  67      "d-oo+t^"    5   10.994527   8.956651  25.536055
  68       "i-t^+s"    5   64.322006  78.865654  65.292892
  69      "m^-t+@@"   20   71.727264 206.806107 216.264267
  70    "ph-vva+n^"    5  220.526550  87.282776  31.543203
  71    "w^-th+iia"    5    4.998572   4.998219   4.998473
  72      "n^-d+uu"    5   80.149239  55.808632  29.994652
  73      "a-m+uua"    5   57.705879  27.584803  22.169241
  74       "h-a+j^"   25   73.655228  39.273304  97.627426
  75        "m-a+m"    5    4.999720   5.013389   8.517438
  76      "m-aa+th"    5  120.469765  37.702778  12.995134
  77     "r-aa+ng^"    5   60.800053  10.176083   4.998128
  78          "h+a"    5    5.011353  15.122397   8.877600
  79      "aa-m^+t"    5   32.981934  12.991290  26.986082
  80       "l-a+p^"    5   10.117701  15.095015  14.881525
  81       "j^-f+v"    5    5.321940   4.997644   5.004655
  82       "l-a+t^"    5   15.961778  12.033740   7.909126
  83       "ph-a+l"    5   16.688807   7.475528   5.390646
  84       "n-a+m^"    5    6.996968   5.013132   9.886493
  85     "@@-j^+ph"    5    4.997591   7.996617   4.997589
  86     "aa-ng^+f"    5    4.998128   8.996800   8.996344
  87    "vva-n^+th"    5    6.990626   9.393954   7.998605
  88          "sil"   10   24.236971  46.538303  57.987827
  89       "n^-f+a"    5   17.996792   4.998958   4.998958
  90       "th-a+l"    5    5.003347   4.998259   4.998656
  91      "l-aa+m^"    5    4.997488   4.997488   5.000631
  92     "th-@@+t^"    5    4.999322   9.072318   8.032902
  93    "p^-th+iia"    5   39.544468  27.355259   6.004050
  94      "m^-kh+x"    5   90.576889  63.865372  15.171266
  95       "n^-k+a"    5   62.788410  17.236750  18.998182
  96     "m^-pl+@@"    5   61.234646  42.676945  15.031253
  97       "n^-l+a"    5    4.998441   4.998441   9.890078
  98       "n^-m+a"    5   70.997490   6.997473   5.000573
  99       "n^-n+a"   10   10.063711  19.691872  11.770572
 100       "th-i+f"    5    4.997764   4.997848   6.996651
 101      "@@-s+uu"   25  106.956596  96.904831  51.797039
 102       "n^-s+a"    5    8.579481  14.997467  48.472775
 103     "@@-m^+kr"    5    8.996780   5.160376   6.861756
 104     "@@-m^+pl"    5    8.962751   8.996334   8.992733
 105      "m^-kr+a"    5  135.695496  47.389050 104.764030
 106      "aa-n^+k"    5    7.008883   6.704513  11.247587
 107      "aa-n^+m"    5    7.134788  12.182852   7.798847
 108      "aa-n^+n"   10   39.871334  12.646103  10.467042
 109      "aa-n^+s"    5    6.999376   5.184978  11.296992
 110      "n^-n+@@"    5    6.997721   6.997721   8.811790
 111   "phl-ee+ng^"    5    8.126366   7.945638  24.896662
 112     "w^-ph+uu"    5   19.988623   8.996603   5.003915
 113       "t^-f+v"    5    6.981526   9.001852  32.371967
 114        "s-a+l"   10   14.514996  10.083290  30.026728
 115        "s-a+m"    5    8.096493   7.309049   9.530485
 116       "t^-h+a"   10   23.118534  13.498643  28.876902
 117      "w^-b+aa"    5   15.993920  18.007326  36.976109
 118      "@@-j^+f"    5    4.997645  10.994267  74.638847
 119      "aa-h+aa"   25   52.091763  56.542187 149.450974
 120        "i-f+v"    5   44.767849  11.205645  11.011084
 121      "ng^-f+v"   10   12.021376  11.970724  16.007097
 122     "w^-s+uua"    5    5.018461   6.977261   8.321915
 123      "ng^-h+a"    5    5.000483  13.998282   5.001183
 124      "j-aa+th"    5    5.468788   5.525799   4.998747
 125      "i-ng^+f"    5    8.952961   4.997937   4.997937
 126       "t-@@+s"   25  107.651871 111.136398  74.315102
 127       "s-uu+b"    5   42.939671  13.022144  11.619242
 128       "s-uu+h"    5   64.363602  37.540329  14.983417
 129       "s-uu+k"    5   44.753113  33.659416  17.934155
 130       "s-uu+m"    5   65.376968  90.263405  35.617584
 131       "s-uu+s"    5   16.929110  90.955231  58.943829
 132     "ph-@@+n^"   25   65.446381  94.025917  82.189339
 133      "ng^-s+a"   10   33.980755  39.362259  13.120289
 134     "iia-w^+b"    5   14.484853   5.723671   4.998389
 135     "iia-w^+k"    5    6.806477  18.152330  25.038448
 136     "iia-w^+s"    5   19.472851  18.128601   6.929457
 137      "j^-z+aa"   25  446.544373 298.843079  93.607193
 138    "n^-ph+vva"    5   12.995373  24.990341   9.637379
 139    "n^-th+iia"    5   29.528620  21.400097  89.863785
 140      "k-@@+n^"    5    5.087273   4.997317   4.997317
 141      "j^-ph+a"   10   10.657547  12.790341  82.392754
 142      "l-ee+m^"    5    7.803494   4.997428   4.997428
 143      "l-ee+n^"    5  119.048134  14.931449   4.998706
 144      "l-ee+th"    5    4.998178   4.998178   6.997398
 145   "ng^-phl+ee"    5   89.089882  69.295265  32.976727
 146      "ee-m^+t"    5    4.997428   4.997428   4.997428
 147      "n-a+ng^"   15   15.596679  14.995997  15.117535
 148       "h-u+n^"    5   80.975128  38.303772  25.671026
 149    "a-ng^+phl"    5    5.048313   6.561771   9.002204
 150     "s-uua+n^"    5   28.666199  48.143887  40.630207
 151      "kh-a+w^"    5    9.070369   5.038572   4.998153
 152      "a-k^+ph"   25   75.451317  48.165977  52.796238
 153      "k^-s+@@"   25   37.342323  60.930248  36.428638
 154       "u-n^+s"    5    4.997561   4.997561   4.997561
 155     "ph-uu+kh"    5    6.378253   8.747088   5.029140
 156       "kr-a+d"    5    6.996827   9.917736 111.970894
 157       "z-aa+h"   25   58.031357  73.239677  61.131424
 158      "k-ee+m^"    5   45.053040  30.588989  13.327654
 159      "@@-t^+h"    5  109.244232 106.801796  61.818825
 160       "k-oo+l"    5   49.360279  87.719711  14.385572
 161       "f-v+k^"   25   94.393883  44.803612 183.330460
 162     "kh-x+ng^"    5  101.316269  78.642662 110.280563
 163       "@-r+aa"    5   23.991938  26.990456  25.989159
 164      "ee-n^+k"    5   16.376675   7.603763  11.010571
 165    "ee-th+iia"    5   11.581100  17.408203   4.998178
 166      "vv-ph+a"    5    8.810590   5.280043  22.714046
 167        "k-@+r"    5   19.993429  19.057219  19.928556
 168       "aa-h+a"    5   10.999529  13.952813   9.035021
 169       "k-a+j^"    5   16.996113   8.000419   8.998978
 170      "ph-i+t^"    5   33.657944  16.010010  14.932860
 171     "k^-ph+@@"   25   36.491352  53.797226  68.214767
 172    "ee-ng^+ph"    5    8.004019  10.928647  25.129366
 173      "uu-b+@@"    5   31.392998  52.917282   5.000368
 174       "v-k^+s"   25   33.457630  31.547682  37.708344
 175      "w^-th+a"    5    6.993115   5.002559   6.992204
 176      "oo-l+ee"    5   11.613034  17.683666  26.183609
 177      "ph-a+k^"   25   40.550896  28.108768  55.477898
 178    "th-iia+w^"   25   76.135361 102.026619  69.338783
 179     "pl-@@+j^"    5    7.996497  10.995762   4.997591
 180      "n^-z+aa"    5    7.084609  56.985867  43.142212
 181       "d-uu+n"    5   94.659904  19.111858 114.076347
 182     "ng^-ph+a"   10   19.937759  22.503941  81.042221
 183      "@@-m^+n"    5   37.117725  80.336098  16.570562
 184      "@@-m^+t"   10   35.884571  40.761089  52.519768
 185      "@@-m^+w"    5   11.995422   4.998159  13.994586
 186     "a-ng^+ph"    5    4.998651   4.998651  16.997818
 187       "m^-n+a"    5    4.997780  11.144061  13.243395
 188      "n^-ph+i"    5    9.458087   5.615691  10.707958
