   1      "uu-k+oo"   28  119.840828 144.275635  65.613228
   2       "s-a+j^"   28   71.651466  62.302727  32.805313
   3      "a-t^+ph"   28  328.151733 326.110809 154.028015
   4       "m^-w+i"   28   94.094482 188.882492 160.334595
   5       "a-j^+z"  140  199.061172 177.263641 142.737030
   6       "uu-h+u"   28   68.117409  44.706623  39.691612
   7     "j^-th+@@"   28  240.242935  79.012924 102.940842
   8     "uua-n^+j"   28   64.367882  82.309105  83.212334
   9       "uu-m+a"   28   53.187099  36.337261  90.829880
  10       "uu-n+a"   28  118.765846  74.664963  84.039230
  11         "l-ee"    5   45.087864  42.583420  13.324853
  12      "n^-j+aa"   28  134.906799 255.498016 279.563782
  13        "aa-m^"    5   33.913540  10.254030  14.395368
  14      "a-j^+ph"   23   35.690002  49.268532  80.936722
  15      "a-j^+th"   28  149.235794 316.154358 349.248138
  16       "uu-s+a"   28   28.526611  35.426968  34.579720
  17       "a-l+aa"   28   48.220844  44.250927  82.868736
  18       "a-l+ee"   28   76.984695  56.367828  95.244705
  19      "oo-t^+f"   23  296.411041 157.091232 422.523163
  20      "n-@@+n^"   28   28.925066  28.702185  41.926868
  21       "l-o+m^"   28   87.985817 263.965668 420.691345
  22      "m^-ph+a"   23   35.907024  69.801544  97.118279
  23      "a-w^+th"   23   35.596966  43.423767  53.844727
  24    "iia-w^+ph"   28   85.825638 123.977226 136.865906
  25    "iia-w^+th"   28   89.350471 169.281677 168.739334
  26      "b-aa+n^"   28  129.733322  42.869053  53.670395
  27      "@@-n^+d"   28  126.071861 187.750961 127.197067
  28      "@@-n^+f"   28  250.063110 191.909088 188.864990
  29      "@@-n^+l"   56  203.109146 173.111664 176.492447
  30      "@@-n^+n"   28   58.018341  47.564762  37.160469
  31      "@@-n^+s"   23   47.278946  31.456633  31.504726
  32      "@@-n^+z"   28   42.080338 128.973633  82.715858
  33        "a-l+a"   56  284.791321 216.163773 194.289291
  34      "t^-ph+a"   28   65.385307  71.009438 106.228226
  35      "a-ng^+k"   28   50.788460  72.424767  92.325104
  36      "a-ng^+s"   79  205.639099 163.290421 101.872879
  37       "w^-k+@"   28  237.798965 144.594193  67.491241
  38     "ng^-s+uu"   23   37.463524  90.611656  49.310905
  39     "ng^-s+vv"   28   48.080276 106.238342 186.480133
  40        "a-ng^"   10   81.760124  38.510826  92.092239
  41      "z-aa+n^"   28   65.174927  42.694710  71.934708
  42      "n^-s+@@"   28   43.628216  47.735062  80.150848
  43       "a-d+oo"   28   70.165581  51.345673  41.732296
  44      "n^-s+uu"   23   26.287920  34.939285  68.679634
  45    "aa-th+iia"   23  110.092590  78.957512  61.215218
  46      "w-i+ng^"   28  193.533936  76.243988 166.268372
  47       "a-k^+h"   28  139.062622 100.478981  61.386288
  48     "ng^-k+@@"   28  236.439453 117.910538  85.196503
  49      "a-m^+kh"   28   88.452408  98.079216  85.242340
  50     "ee-m^+ph"   23   44.731003  41.514210  33.993561
  51      "n^-k+ee"   28   89.277344  66.781570  67.615135
  52      "s-vv+ph"   23  158.452591  92.643288 145.230408
  53     "aa-n^+ph"   56   99.251968 102.084557  97.333626
  54      "t-@@+j^"   28   67.723854  66.963745  94.147331
  55      "f-a+ng^"   28  143.245453 109.358932 211.174927
  56       "a-m+aa"   28  160.142929 150.426239 114.414024
  57    "m-uua+ng^"   28   45.930187 136.224365 120.348015
  58      "h-aa+n^"  140  261.905396 207.761963 215.732346
  59       "s-aa+h"   23  109.415787  67.890457  92.049454
  60      "m-a+ng^"   28   28.407887  47.417145  39.491753
  61      "m^-s+uu"   69   90.834862  90.784760 105.685921
  62       "vva-n^"    5   20.843874  21.311428  54.782909
  63      "x-ng^+s"   28  302.327850 191.891403  87.436279
  64        "@@-m^"    5   23.359150   9.565874  35.566982
  65        "@@-n^"    5   11.982242  18.953630  54.041882
  66         "th-i"    5   93.934692  64.139870  30.029659
  67        "@@-s^"   28  434.233490 823.960083 203.905899
  68        "@@-t^"    5   65.997322  17.110495  10.818495
  69      "uu-kh+a"   28  187.748016 368.153534 296.418640
  70      "t^-s+aa"   28   44.718548  45.503372  92.219246
  71      "a-p^+th"   23   98.279762 591.595093 359.655914
  72      "b-@@+s^"   28  144.795349  70.030472  95.709702
  73       "th+iia"   25   54.305367  45.951275  63.340149
  74      "s-@@+m^"  168  1003.641479 359.054596 436.008789
  75    "uua-ng^+h"   23  214.729599 115.338776  74.348419
  76      "aa-th+i"   28  144.878708  67.876953  89.718880
  77      "n^-l+ee"   28   69.587845  74.693436 155.663071
  78      "l-a+ng^"   28   65.570076  33.161827  95.053024
  79      "d-oo+t^"   28   95.104202 161.297256 135.879440
  80        "ee-m^"   10   27.751434  25.485640  83.218369
  81       "i-t^+s"   28  115.408913 326.152985 151.569641
  82      "m^-t+@@"   28   30.805159  53.770176  97.883583
  83    "ph-vva+n^"   28  271.302521  83.237610  41.892036
  84    "w^-th+iia"   23   86.780899  61.050549 105.399277
  85      "n^-d+uu"   28  113.111427 239.044144 211.554459
  86      "a-m+uua"   28  256.605957  93.820152 157.256912
  87       "h-a+j^"  140  387.153381 451.334259 178.367783
  88        "m-a+m"   28   50.955181  54.399361  93.731743
  89      "m-aa+th"   28   59.178566 103.932213  86.714455
  90     "r-aa+ng^"   28  412.097412 503.595642 143.625961
  91          "f+v"   25   70.985870  84.531990 226.642227
  92          "h+a"   43  199.325912 285.816498 224.522400
  93      "aa-m^+s"   23   65.397148  55.269485  45.750435
  94         "o-m^"    5   84.574036  12.374538  32.637482
  95       "l-a+p^"   28   28.130556  48.868473  63.273834
  96       "l-a+t^"   28   48.563000  47.291809  55.114525
  97       "ph-a+l"   28   46.475296  43.624599 197.807938
  98       "j^-l+o"   28  198.213318  46.026089  50.699326
  99       "n-a+m^"   28  100.845932 144.695480 240.463379
 100     "@@-j^+ph"   28  205.280228 416.270935 229.564880
 101     "aa-ng^+f"   23  146.118500  52.411716 260.912079
 102        "oo-t^"    5   46.160866  23.346212  42.022835
 103    "vva-n^+th"   23   39.154240  38.108707  74.195236
 104          "sil"  171  1330.768921 3367.902832 947.210144
 105       "n^-f+a"   28  184.876724 122.356606  93.562737
 106       "th-a+l"   28   59.419144 110.054710 169.568497
 107      "l-aa+m^"   28  147.446564 153.794769 133.572968
 108     "th-@@+t^"   28  132.038422  45.426575  42.989811
 109    "p^-th+iia"   23  124.247391  75.515625  55.059284
 110      "m^-kh+x"   28  116.803032 158.434280 171.197479
 111       "n^-k+a"   28   54.055267  49.150936  34.144848
 112     "m^-pl+@@"   28  166.189377 112.385048 129.211761
 113       "n^-l+a"   28   67.400902  51.356045  46.246853
 114       "n^-m+a"   28   98.939568 106.935249  76.249420
 115       "n^-n+a"   56  189.440628 142.684219 312.305450
 116       "th-i+f"   23   52.101200  38.391590  32.155254
 117      "@@-s+uu"   25   84.756981 122.088913  88.753929
 118       "n^-s+a"   28   44.140564 105.316208  70.085220
 119     "@@-m^+kr"   28   41.515694  35.173218  39.711391
 120     "@@-m^+pl"   28   98.935211 197.729172 108.734146
 121      "m^-kr+a"   28   59.564049  80.889336 192.708069
 122      "aa-n^+k"   28   30.342627  28.820141  33.690083
 123      "aa-n^+m"   28   69.866905 102.031235  70.758980
 124      "aa-n^+n"   56  139.695282 138.425125 236.524155
 125      "aa-n^+s"   28   48.315952  92.341812  56.532818
 126      "n^-n+@@"   28   41.094109  41.394798  28.407820
 127   "phl-ee+ng^"   28  160.559219 102.280952  87.614052
 128     "w^-ph+uu"   28   91.269814  65.779045  50.424526
 129       "t^-f+v"   23  154.932465 138.609375 189.018692
 130        "s-a+l"   56   84.556770 201.889252 159.229630
 131        "s-a+m"   28   59.892742  47.144875  68.445496
 132       "t^-h+a"   23   90.913948  78.021179  98.357841
 133      "w^-b+aa"   28  277.095123  33.104267  37.441883
 134       "o-m^+f"   23  108.579590  49.002346  34.428360
 135      "@@-j^+l"   28  441.435822 341.179565 345.659515
 136      "aa-h+aa"  140  380.745056 282.799469 194.558426
 137        "i-f+v"   23   46.902348  60.118618 102.771477
 138      "ng^-f+v"   46  134.862289 254.917160 332.488770
 139     "w^-s+uua"   28   93.983185 151.899887 103.417564
 140      "ng^-h+a"   23   65.702713 161.587097  85.383087
 141      "j-aa+th"   23  175.781555 118.155190 146.561768
 142      "i-ng^+f"   23  226.299484 164.889923  99.276665
 143       "t-@@+s"   25  106.383865 136.424728  56.429119
 144        "i-ng^"    5   73.994827  11.659867   9.028948
 145       "s-uu+b"   28   53.231754  50.249081  89.532822
 146       "s-uu+h"   28   81.017281  65.625229  76.623482
 147       "s-uu+k"   28  256.710266 104.347771  86.353127
 148       "s-uu+m"   28   97.778671  76.763542  33.881329
 149       "s-uu+s"   28   91.262245  62.165424  33.316566
 150     "ph-@@+n^"  140  505.926239 284.599884 244.377426
 151      "ng^-s+a"   56   85.203186 100.967499 147.505386
 152     "iia-w^+b"   28   79.944839 112.612526 307.228577
 153     "iia-w^+k"   28   47.323505  72.738304 148.934082
 154     "iia-w^+s"   28  112.186455 176.843811 159.311615
 155      "j^-z+aa"  140  608.283203 902.714417 245.757324
 156    "n^-ph+vva"   28   73.966995  40.327980  49.345974
 157    "n^-th+iia"   23   37.548695  42.798244  75.428711
 158      "k-@@+n^"   28   96.812843  69.868080  35.953411
 159      "j^-ph+a"   51  123.080086  67.563942  89.180840
 160      "l-ee+m^"   28   84.403488  77.575180  46.386406
 161      "l-ee+n^"   28  113.610802  42.665428 100.805809
 162      "l-ee+th"   23  187.687851  95.073563  39.841900
 163   "ng^-phl+ee"   28  203.717056 460.570160 178.737213
 164      "ee-m^+s"   23   73.452065 202.464737  69.053673
 165      "n-a+ng^"   84  109.864235 130.969147 206.315445
 166       "ee-ng^"    5   19.385946  13.501395  26.327017
 167       "h-u+n^"   28  110.011124 122.109886 227.712769
 168         "a-j^"    5   20.517677  27.782787  49.453503
 169         "a-p^"    5   22.425428 112.574104 137.570511
 170         "a-w^"    5   11.659227  24.073753  29.592720
 171    "a-ng^+phl"   28  228.556030 102.756096  81.034500
 172         "ph+a"   25  121.182419 105.580338 134.280899
 173     "s-uua+n^"   28  336.386414 246.604065 145.564163
 174      "kh-a+w^"   28   75.769760  88.340179  78.360336
 175      "a-k^+ph"  140  335.433258 427.299072 286.064514
 176      "k^-s+@@"  140  266.243530 1134.756592 970.691650
 177       "u-n^+s"   28  412.903534 272.206146 150.651489
 178     "ph-uu+kh"   28  128.504639  77.670486  94.395439
 179       "kr-a+d"   28   97.061058  68.985924 199.070419
 180       "z-aa+h"  140  365.120422 294.561432 278.500458
 181      "k-ee+m^"   28  142.822342 152.863266  51.145733
 182      "@@-t^+h"   23  191.643661 272.612000  61.370754
 183         "j-aa"    5  101.002022  37.696522 119.572029
 184       "k-oo+l"   28   28.015411  31.654943  55.171291
 185       "f-v+k^"  140  516.440369 736.144348 332.845184
 186     "kh-x+ng^"   28  339.641968 149.860504 508.444122
 187       "@-r+aa"   28   40.553574  77.397560  81.520660
 188      "ee-n^+k"   28  110.104317 184.618805  61.706627
 189    "ee-th+iia"   23   79.115097  62.155598  58.045090
 190      "vv-ph+a"   23   94.072762  95.436096 173.139221
 191        "k-@+r"   28   63.416924  52.844803  82.505928
 192       "aa-h+a"   23   57.503723  45.051285  54.142487
 193         "s-aa"    5   80.989944  41.630924 119.255394
 194         "s-vv"    5   93.780090  16.129211  12.347997
 195       "k-a+j^"   28   63.032661 174.306244  71.122986
 196      "ph-i+t^"   28  282.146881  95.900734  87.926125
 197       "aa-ng^"    5   47.259125  26.804951 106.708954
 198     "k^-ph+@@"  140  252.814972 400.135986 617.549011
 199    "ee-ng^+ph"   23   76.345535  77.288330  59.560894
 200      "uu-b+@@"   28   64.832764 148.596237 258.068848
 201       "v-k^+s"  140  191.450027 198.906921 183.955658
 202       "k^-h+a"   28   78.175194  83.811432 147.925171
 203      "w^-th+a"   28  141.636749  57.500267  57.734818
 204      "oo-l+ee"   28   45.934841  37.809772  34.834839
 205      "ph-a+k^"  168  328.285767 197.735611 400.033905
 206    "th-iia+w^"  140  462.116852 420.363739 436.269012
 207     "pl-@@+j^"   28   79.427750 117.299484  78.423172
 208       "m^-f+v"   23   73.191063  55.200302 190.591492
 209      "uua-ng^"    5   93.122780  19.761080  30.769579
 210      "n^-z+aa"   28   28.312546  45.102116  54.945095
 211       "d-uu+n"   28  431.470123 349.037384 302.821075
 212     "ng^-ph+a"   46  100.747108 191.089249 232.505081
 213      "@@-m^+n"   28   44.053921  33.701931  28.557907
 214      "@@-m^+s"   23   84.937401 181.019821  68.432564
 215      "@@-m^+t"   28   49.424747  56.594635  40.071716
 216      "@@-m^+w"   28   50.860695  45.327049  48.824448
 217     "a-ng^+ph"   23   93.291672  55.957912  82.409706
 218       "m^-n+a"   28   41.198780  59.481968 109.844124
 219         "t+@@"   25  271.555359 354.384766 207.294052
 220      "n^-ph+i"   28  103.577606  72.130898  94.472595
