   1      "uu-k+oo"   28  121.929863 145.539917  64.367004
   2       "s-a+j^"   28   72.737297  61.626026  32.402023
   3      "a-t^+ph"   28  328.266296 327.277802 153.907013
   4       "m^-w+i"   28   94.829079 175.210632 160.285995
   5       "a-j^+z"  140  201.181122 178.365265 141.672882
   6       "uu-h+u"   28   65.827095  44.245708  38.305748
   7     "j^-th+@@"   28  238.802826  76.502335 104.786865
   8     "uua-n^+j"   28   61.349350  77.961403  82.857948
   9       "uu-m+a"   28   53.041794  35.789295  91.013840
  10       "uu-n+a"   28  121.457596  73.540001  83.267220
  11         "l-ee"    5   52.106903  42.320934  12.501066
  12      "n^-j+aa"   28  134.505646 257.147583 283.648010
  13        "aa-m^"    5   25.693295   9.747846  14.026346
  14      "a-j^+ph"   23   34.754929  49.282471  82.737259
  15      "a-j^+th"   28  150.732254 314.941559 361.722931
  16       "uu-s+a"   28   28.448277  34.975159  33.929024
  17       "a-l+aa"   28   47.961533  48.816559  83.631760
  18       "a-l+ee"   28   76.674332  54.973396  91.408226
  19      "oo-t^+f"   23  314.953278 109.342293 450.837341
  20      "n-@@+n^"   28   29.546419  28.068331  41.355644
  21       "l-o+m^"   28   81.138641 264.803650 455.132599
  22      "m^-ph+a"   23   34.816574  69.890335 101.897484
  23      "a-w^+th"   23   33.094959  39.297371  52.460880
  24    "iia-w^+ph"   28   83.833702 124.168205 142.921234
  25    "iia-w^+th"   28   85.522499 174.879288 176.366959
  26      "b-aa+n^"   28  132.432388  39.666477  55.269974
  27      "@@-n^+d"   28  126.901131 188.511627 125.981102
  28      "@@-n^+f"   28  251.254196 194.744141 188.281204
  29      "@@-n^+l"   56  215.154312 176.404968 175.354431
  30      "@@-n^+n"   28   54.342381  45.163029  37.789577
  31      "@@-n^+s"   23   49.238701  32.876026  30.041153
  32      "@@-n^+z"   28   39.759014 129.854111  83.851120
  33        "a-l+a"   56  291.438446 221.549423 196.067520
  34      "t^-ph+a"   28   64.822533  68.101830 107.690887
  35      "a-ng^+k"   28   49.241219  77.078773  90.674423
  36      "a-ng^+s"   79  207.067902 162.025482 101.501564
  37       "w^-k+@"   28  256.940002 126.905083  65.949905
  38     "ng^-s+uu"   23   36.011921  91.216980  48.739819
  39     "ng^-s+vv"   28   46.750816  99.828522 181.054672
  40        "a-ng^"   10   81.207390  33.946159  89.270660
  41      "z-aa+n^"   28   64.961334  42.424911  71.626564
  42      "n^-s+@@"   28   41.309853  48.466351  75.214073
  43       "a-d+oo"   28   61.448513  51.001629  34.895802
  44      "n^-s+uu"   23   25.544252  33.828053  50.123863
  45    "aa-th+iia"   23  103.659592  77.758896  59.758045
  46      "w-i+ng^"   28  209.184052  75.148407 154.397385
  47       "a-k^+h"   28  136.998199  99.289322  60.146774
  48     "ng^-k+@@"   28  255.323700 117.715508  70.957367
  49      "a-m^+kh"   28   85.877701  97.914780  84.110184
  50     "ee-m^+ph"   23   43.551449  41.420471  33.647755
  51      "n^-k+ee"   28   86.331390  66.922081  66.752617
  52      "s-vv+ph"   23  162.323105  92.668518 146.592026
  53     "aa-n^+ph"   56   99.046631 100.488846  96.395004
  54      "t-@@+j^"   28   68.210945  50.815731 104.862587
  55      "f-a+ng^"   28  147.093719 104.621239 209.365982
  56       "a-m+aa"   28  164.328369 162.094971 108.776283
  57    "m-uua+ng^"   28   41.386482 136.530243 117.381920
  58      "h-aa+n^"  140  256.864960 201.856400 215.291931
  59       "s-aa+h"   23  108.334023  66.319450  94.239082
  60      "m-a+ng^"   28   28.597736  45.918018  38.373566
  61      "m^-s+uu"   69   92.859016  91.991249 104.408005
  62       "vva-n^"    5   19.766323  20.653000  53.652027
  63      "x-ng^+s"   28  296.557129 192.180099  86.839180
  64        "@@-m^"    5   17.941847   7.970153  30.992821
  65        "@@-n^"    5   11.074261  14.889783  58.882851
  66         "th-i"    5   94.696007  64.339607  29.142145
  67        "@@-s^"   28  441.492462 824.184204 208.704514
  68        "@@-t^"    5   65.229362  10.710779  10.970300
  69      "uu-kh+a"   28  190.511398 374.867432 305.400452
  70      "t^-s+aa"   28   39.389503  41.913063  92.150261
  71      "a-p^+th"   23   96.720894 601.821899 366.776947
  72      "b-@@+s^"   28  144.955566  69.204491  92.481590
  73       "th+iia"   25   53.185638  45.494999  62.403553
  74      "s-@@+m^"  168  1037.612183 317.671509 429.961914
  75    "uua-ng^+h"   23  221.622650 123.046181  69.186699
  76      "aa-th+i"   28  142.445541  67.186539  90.322510
  77      "n^-l+ee"   28   70.541847  74.769676 159.323837
  78      "l-a+ng^"   28   60.357075  31.699385  95.179611
  79      "d-oo+t^"   28   98.307487 165.909454 133.841431
  80        "ee-m^"   10   27.255478  22.978565  76.381378
  81       "i-t^+s"   28  115.144470 352.715424 135.061050
  82      "m^-t+@@"   28   29.652897  51.089489  98.312981
  83    "ph-vva+n^"   28  277.973480  80.768471  41.770317
  84    "w^-th+iia"   23   87.762985  60.879906 106.369064
  85      "n^-d+uu"   28  114.657784 239.182770 217.598541
  86      "a-m+uua"   28  266.131439  89.316429 156.415207
  87       "h-a+j^"  140  394.548065 468.619812 171.572418
  88        "m-a+m"   28   52.964325  52.641159  90.884613
  89      "m-aa+th"   28   58.364357 102.906754  86.080467
  90     "r-aa+ng^"   28  408.546173 505.572815 149.108582
  91          "f+v"   25   67.157402  87.114777 228.057129
  92          "h+a"   43  179.309341 277.091217 214.504059
  93      "aa-m^+s"   23   65.852531  54.034195  46.143105
  94         "o-m^"    5   51.894466  11.376746  32.804859
  95       "l-a+p^"   28   28.056704  44.877865  60.259098
  96       "l-a+t^"   28   46.317329  46.569721  52.471130
  97       "ph-a+l"   28   42.333946  38.705734 200.375671
  98       "j^-l+o"   28  203.544312  43.784954  50.321121
  99       "n-a+m^"   28  103.785736 142.379181 248.604599
 100     "@@-j^+ph"   28  208.561356 420.161285 231.819672
 101     "aa-ng^+f"   23  148.403122  51.405853 230.962372
 102        "oo-t^"    5   45.037464  21.558939  28.050238
 103    "vva-n^+th"   23   33.914368  37.161869  75.369774
 104          "sil"  171  1333.754517 3437.204102 968.509949
 105       "n^-f+a"   28  184.930283 120.243744  93.119949
 106       "th-a+l"   28   59.100330 111.289085 173.878067
 107      "l-aa+m^"   28  149.531754 156.201401 140.820511
 108     "th-@@+t^"   28  131.550491  42.389286  43.040085
 109    "p^-th+iia"   23  115.497353  73.681503  53.207279
 110      "m^-kh+x"   28  117.901367 155.003571 175.435806
 111       "n^-k+a"   28   54.091766  47.973797  33.879768
 112     "m^-pl+@@"   28  165.004898 110.001396 133.835205
 113       "n^-l+a"   28   66.487389  53.237850  45.692894
 114       "n^-m+a"   28  102.323174 105.757751  74.414825
 115       "n^-n+a"   56  190.268814 143.081223 312.405029
 116       "th-i+f"   23   53.209133  36.856434  29.704113
 117      "@@-s+uu"   25   77.970268 123.335335  88.860039
 118       "n^-s+a"   28   45.442913 103.364883  68.885391
 119     "@@-m^+kr"   28   41.523201  34.120655  37.873619
 120     "@@-m^+pl"   28   98.040352 198.229202 110.318680
 121      "m^-kr+a"   28   58.290249  81.349625 200.024292
 122      "aa-n^+k"   28   30.871595  28.998783  33.577797
 123      "aa-n^+m"   28   63.941185 104.960197  69.960609
 124      "aa-n^+n"   56  139.505920 131.581680 243.118225
 125      "aa-n^+s"   28   48.250069  88.154358  55.907009
 126      "n^-n+@@"   28   38.347141  42.201500  28.487726
 127   "phl-ee+ng^"   28  159.845428 101.613098  87.774742
 128     "w^-ph+uu"   28   88.403664  64.245911  49.767242
 129       "t^-f+v"   23  155.657486 137.532333 189.463745
 130        "s-a+l"   56   84.887695 197.641174 159.724075
 131        "s-a+m"   28   59.392921  46.147053  64.687874
 132       "t^-h+a"   23   89.292366  77.728111  90.815384
 133      "w^-b+aa"   28  279.132690  32.883949  35.288990
 134       "o-m^+f"   23   98.039200  46.168797  33.370308
 135      "@@-j^+l"   28  450.859650 342.923065 359.327209
 136      "aa-h+aa"  140  384.673401 286.290009 194.988113
 137        "i-f+v"   23   47.632324  60.116776 103.227745
 138      "ng^-f+v"   46  147.753021 260.916748 334.089539
 139     "w^-s+uua"   28   94.556984 146.992920  99.920586
 140      "ng^-h+a"   23   63.643944 163.667282  82.804993
 141      "j-aa+th"   23  172.352539 117.041931 153.086060
 142      "i-ng^+f"   23  272.822662 142.589630  93.077263
 143       "t-@@+s"   25   93.733337 141.689392  53.908173
 144        "i-ng^"    5   73.903221  10.107855   8.605012
 145       "s-uu+b"   28   50.893410  48.550209  92.213188
 146       "s-uu+h"   28   79.465195  71.573883  75.326912
 147       "s-uu+k"   28  260.913177 102.685043  82.066376
 148       "s-uu+m"   28   97.017883  73.779274  34.036781
 149       "s-uu+s"   28   89.237717  61.802883  33.279255
 150     "ph-@@+n^"  140  503.371765 286.608673 243.780502
 151      "ng^-s+a"   56   84.485909 102.061760 148.806366
 152     "iia-w^+b"   28   79.079903 110.715012 306.563721
 153     "iia-w^+k"   28   47.488087  72.333038 148.970078
 154     "iia-w^+s"   28  109.790421 175.126495 163.102402
 155      "j^-z+aa"  140  624.483459 940.207947 243.207458
 156    "n^-ph+vva"   28   74.430450  38.417053  48.344868
 157    "n^-th+iia"   23   37.400059  42.571404  73.935181
 158      "k-@@+n^"   28   94.242485  69.941200  35.259182
 159      "j^-ph+a"   51  122.340263  65.343117  86.027710
 160      "l-ee+m^"   28   83.394005  78.787834  41.552860
 161      "l-ee+n^"   28  113.455780  41.101543 103.480797
 162      "l-ee+th"   23  192.729843  95.945190  33.560505
 163   "ng^-phl+ee"   28  206.617950 463.382660 177.701401
 164      "ee-m^+s"   23   75.649773 207.006195  67.461884
 165      "n-a+ng^"   84  110.430908 127.581367 209.801529
 166       "ee-ng^"    5   18.996954  12.593075  26.573250
 167       "h-u+n^"   28  109.692261 123.250412 228.729950
 168         "a-j^"    5   22.434223  25.610266  37.657104
 169         "a-p^"    5   22.945255 112.058449 136.532562
 170         "a-w^"    5    9.646542  23.122673  27.674028
 171    "a-ng^+phl"   28  227.818344 105.258385  78.187897
 172         "ph+a"   25  116.288445 102.783012 141.121460
 173     "s-uua+n^"   28  345.484985 248.294373 147.897552
 174      "kh-a+w^"   28   71.767426  86.865059  79.844627
 175      "a-k^+ph"  140  346.422028 434.919617 277.703278
 176      "k^-s+@@"  140  258.293945 1169.465698 974.862183
 177       "u-n^+s"   28  414.707855 276.217834 152.727142
 178     "ph-uu+kh"   28  124.967392  78.320953  90.375557
 179       "kr-a+d"   28   90.685738  72.665054 210.425568
 180       "z-aa+h"  140  362.020630 288.647583 282.107269
 181      "k-ee+m^"   28  140.598267 156.236191  53.514488
 182      "@@-t^+h"   23  196.331543 274.692902  57.572376
 183         "j-aa"    5  100.547775  34.549904 118.165680
 184       "k-oo+l"   28   28.078241  31.542662  56.378700
 185       "f-v+k^"  140  517.489197 742.234924 335.844604
 186     "kh-x+ng^"   28  339.096283 150.571960 514.108398
 187       "@-r+aa"   28   42.426289  79.288567  79.862762
 188      "ee-n^+k"   28  109.029945 185.597443  60.854919
 189    "ee-th+iia"   23   76.478760  61.637913  56.480408
 190      "vv-ph+a"   23   91.212654  89.873756 177.247070
 191        "k-@+r"   28   62.998260  53.570137  81.253937
 192       "aa-h+a"   23   56.934772  41.092060  52.632534
 193         "s-aa"    5   85.368401  32.897205 122.131447
 194         "s-vv"    5   99.528984  16.054808   9.360170
 195       "k-a+j^"   28   60.956703 181.315308  65.606331
 196      "ph-i+t^"   28  296.120697  94.585785  90.135727
 197       "aa-ng^"    5   47.622906  25.470882 101.238060
 198     "k^-ph+@@"  140  237.565277 406.795013 627.757996
 199    "ee-ng^+ph"   23   74.811081  84.786980  58.184883
 200      "uu-b+@@"   28   54.825115 171.552063 259.535980
 201       "v-k^+s"  140  191.632904 192.991531 177.141495
 202       "k^-h+a"   28   78.161095  84.452934 146.090652
 203      "w^-th+a"   28  135.555405  52.501476  55.476273
 204      "oo-l+ee"   28   46.563866  36.705219  34.255005
 205      "ph-a+k^"  168  301.662506 197.135544 422.533081
 206    "th-iia+w^"  140  478.739471 423.599731 436.985504
 207     "pl-@@+j^"   28   71.470352 120.937454  75.736496
 208       "m^-f+v"   23   72.548752  53.023861 193.010345
 209      "uua-ng^"    5   92.857506  17.846083  32.334641
 210      "n^-z+aa"   28   28.160646  44.500336  54.293125
 211       "d-uu+n"   28  431.347595 351.342194 293.603027
 212     "ng^-ph+a"   46   95.286118 182.782700 237.675537
 213      "@@-m^+n"   28   42.846855  33.234993  28.466698
 214      "@@-m^+s"   23   84.530357 185.676300  66.112938
 215      "@@-m^+t"   28   48.641392  56.257492  39.711208
 216      "@@-m^+w"   28   49.357098  43.729168  46.105289
 217     "a-ng^+ph"   23   91.042610  55.882168  75.205536
 218       "m^-n+a"   28   37.311420  58.610386 114.154388
 219         "t+@@"   25  278.136505 379.717987 188.390854
 220      "n^-ph+i"   28   91.623520  65.845772  86.633415
