   1      "uu-k+oo"    5   24.178322   6.083175  16.418148
   2       "s-a+j^"    5   21.614168   7.121248   5.224058
   3       "m^-w+i"    5  185.294769  71.320541  93.323814
   4       "a-j^+z"   25   40.221272 131.198715  27.618311
   5       "uu-h+u"    5    5.469213   4.994691   4.998723
   6     "j^-th+@@"    5    6.054729   5.001143   5.001307
   7     "uua-n^+j"    5   32.421310  12.751315  16.767317
   8       "uu-m+a"    5   34.666885  20.902897  92.537476
   9       "uu-n+a"    5    9.025223  11.994898   5.019295
  10      "n^-j+aa"    5   69.049500  96.464828  48.961964
  11      "a-j^+ph"    5    7.315570  17.199791  59.949291
  12      "a-j^+th"    5    6.833560  38.639057 107.862938
  13       "uu-s+a"    5   28.199377   7.503853   8.807661
  14       "a-l+aa"    5    4.996169   4.995208   5.076466
  15       "a-l+ee"    5    5.059473   8.052864   5.312964
  16      "oo-t^+f"    5  129.101654  92.876320  23.484978
  17      "n-@@+n^"    5    5.712878   7.244377  14.360972
  18      "m^-ph+a"    5    6.823082   5.051894  29.885996
  19      "a-w^+th"    5   14.685215  17.927692   8.997509
  20    "iia-w^+ph"    5   58.364464  57.887691  61.976551
  21    "iia-w^+th"    5   15.327779  33.617176   6.821156
  22      "b-aa+n^"    5    5.376753   6.739555   5.005421
  23      "@@-n^+d"    5   17.525366  10.089675  71.367035
  24      "@@-n^+f"    5    5.053074   8.820054  14.360783
  25      "@@-n^+l"   10   22.015711  23.916206 113.033363
  26      "@@-n^+n"    5    7.728354  11.185118  14.031100
  27      "@@-n^+t"    5   14.767967   7.535031   4.996513
  28      "@@-n^+z"    5    9.894418   6.947700  10.204170
  29        "a-l+a"   10   60.018150  16.580690  19.675734
  30      "a-ng^+k"    5   22.742245   7.187492  14.533442
  31      "a-ng^+s"   10   22.254139  15.433696  27.787340
  32      "a-ng^+t"    5   50.587029  11.683806  30.977001
  33       "w^-k+@"    5   26.515442  10.593474   5.698760
  34     "ng^-s+vv"    5   31.246943  11.879522  10.227322
  35      "z-aa+n^"    5   12.115854   7.294834  15.934408
  36      "n^-s+@@"    5   79.504532  15.096159  25.793234
  37       "a-d+oo"    5   11.169083  14.107382   4.995557
  38    "aa-th+iia"    5   37.436733  19.031340  15.179610
  39      "w-i+ng^"    5   33.153320  27.709265  76.663925
  40     "ng^-k+@@"    5   82.697647  34.098873   7.671145
  41      "a-m^+kh"    5   22.224001   6.517292  31.406288
  42     "ee-m^+ph"    5    5.568278   6.250516   5.859738
  43      "n^-k+ee"    5   15.642156   5.003406   4.999406
  44      "s-vv+ph"    5   88.569626  26.237000  42.779713
  45     "aa-n^+ph"   10   16.333199  22.017029  20.672298
  46      "t-@@+j^"    5   21.675077   5.278708  12.576038
  47      "f-a+ng^"    5    7.770143   5.714295  21.915504
  48       "a-m+aa"    5   34.129829  36.165722  14.081553
  49    "m-uua+ng^"    5    5.002736  10.882294  38.549969
  50      "h-aa+n^"   25  150.616928  88.545837  28.845533
  51       "s-aa+h"    5    5.244563   6.578542  32.784702
  52      "m-a+ng^"    5    5.201707   5.807146   6.019189
  53      "x-ng^+s"    5   47.707733  11.883376  25.324211
  54       "a-t^+h"    5   11.195975  15.918927  24.016239
  55     "ng^-t+@@"    5   47.133041  99.866943  61.399990
  56        "@@-s^"    5   62.018185  85.157440  90.803566
  57      "uu-kh+a"    5   25.209339  73.840355  34.089172
  58      "t^-s+aa"    5    5.747152   5.127148   5.123070
  59      "a-p^+th"    5   25.801523 165.069611  95.100746
  60      "n^-t+@@"    5   51.742870  87.210709  27.869064
  61      "b-@@+s^"    5   49.334606   7.175869  12.916390
  62      "s-@@+m^"   30  226.351120 135.182236  32.593544
  63    "uua-ng^+h"    5   51.602951  25.196465  16.597994
  64      "aa-th+i"    5    4.999855   6.333920   6.564098
  65      "n^-l+ee"    5   11.501312  15.196074  17.023582
  66      "l-a+ng^"    5    9.641387   5.403230   6.175374
  67      "d-oo+t^"    5   13.006631  10.682864   8.951036
  68       "i-t^+s"    5    5.053051 154.522522  37.075489
  69      "m^-t+@@"   20   49.093414 192.403961  74.037369
  70    "ph-vva+n^"    5  132.215591  96.730240  46.319817
  71    "w^-th+iia"    5    7.440661   5.709834   5.921337
  72      "n^-d+uu"    5   36.979023  47.522457  55.654060
  73      "a-m+uua"    5   40.937599  23.653303  20.689133
  74       "h-a+j^"   25   76.933907  34.102459  32.429905
  75        "m-a+m"    5    4.999323   4.999655   5.005454
  76      "m-aa+th"    5   62.326981  25.408163   8.436732
  77     "r-aa+ng^"    5   32.443783   5.108747   6.727153
  78          "h+a"    5    5.497899  14.224779  13.250009
  79      "aa-m^+t"    5   26.909975   7.653181   5.432514
  80       "l-a+p^"    5   16.569029   5.337780   5.013834
  81       "j^-f+v"    5   27.549576   6.738826   8.366867
  82       "l-a+t^"    5   16.266691   5.568755   5.872370
  83       "ph-a+l"    5    4.997067   5.060754  14.597875
  84       "n-a+m^"    5    5.003122   5.001819   5.008783
  85     "@@-j^+ph"    5   37.017509   9.608531 125.095596
  86     "aa-ng^+f"    5    6.341218   7.771183  16.903103
  87    "vva-n^+th"    5   11.070938   5.010701   4.996345
  88          "sil"   10  204.910416  44.677086  49.082649
  89       "n^-f+a"    5   13.023534   5.032715   6.003731
  90       "th-a+l"    5    5.019692   4.999270  10.547861
  91      "l-aa+m^"    5   71.050453  20.753706  38.231922
  92     "th-@@+t^"    5    9.233176   6.073932  11.823034
  93    "p^-th+iia"    5   31.720627  24.499115  19.513725
  94      "m^-kh+x"    5   53.273735  26.781742  22.979092
  95       "n^-k+a"    5   95.593651  57.787701  15.084090
  96     "m^-pl+@@"    5   45.890636  50.119415  13.872707
  97       "n^-l+a"    5    7.180308  14.689318   9.492814
  98       "n^-m+a"    5   20.343658  12.331658  11.450219
  99       "n^-n+a"   10   16.986931  11.213567  33.705338
 100       "th-i+f"    5    4.995065   4.995066  21.309284
 101      "@@-s+uu"   25  165.135117  30.835600  29.026861
 102       "n^-s+a"    5    5.042674   5.880212  10.126337
 103     "@@-m^+kr"    5    4.997684   8.069412   5.146844
 104     "@@-m^+pl"    5    7.401398  17.532349  10.089218
 105      "m^-kr+a"    5   94.975006  35.007664  66.957306
 106      "aa-n^+k"    5   23.657068  18.109575  34.299873
 107      "aa-n^+m"    5    4.999806   4.999567   5.038634
 108      "aa-n^+n"   10   43.222172  25.707008  69.188644
 109      "aa-n^+s"    5    7.348404   8.407831  18.192358
 110      "n^-n+@@"    5    6.361983   7.873659  10.315700
 111   "phl-ee+ng^"    5   11.946456  16.179451  11.071269
 112     "w^-ph+uu"    5   42.447010  21.072939   7.577466
 113       "t^-f+v"    5   10.224995  25.623165   6.545483
 114        "s-a+l"   10   15.045209  10.034074  10.646498
 115        "s-a+m"    5    8.333403   6.213900   7.372734
 116       "t^-h+a"   10   79.079453  28.760874  14.083550
 117      "w^-b+aa"    5   14.722384  20.601158  37.377201
 118      "@@-j^+f"    5    6.453162  10.850863  43.242104
 119      "aa-h+aa"   25   33.564796  57.587227  97.216789
 120        "i-f+v"    5    5.150305  43.224136   8.901455
 121      "ng^-f+v"   10   10.207754  10.439529  10.867011
 122     "w^-s+uua"    5   12.467237  22.951532   5.185946
 123      "ng^-h+a"    5    4.999157  10.161397  11.591564
 124      "j-aa+th"    5    8.040553  14.149087  49.472790
 125      "i-ng^+f"    5   33.940796   8.540903  10.443167
 126       "t-@@+s"   25   50.854614  43.156811 136.800339
 127       "s-uu+b"    5    8.101884   4.997991   4.993921
 128       "s-uu+h"    5    5.316827   4.997910   5.028710
 129       "s-uu+k"    5   19.402241  40.844994  12.649868
 130       "s-uu+m"    5    5.035786   6.413315   5.031935
 131       "s-uu+s"    5    8.940146   5.010514   4.994715
 132     "ph-@@+n^"   25  198.889618  37.151413  41.415379
 133      "ng^-s+a"   10   29.680298  14.122930  30.623613
 134     "iia-w^+b"    5   17.318401  10.872061  41.463692
 135     "iia-w^+k"    5   58.544437   5.060357   9.968109
 136     "iia-w^+s"    5   15.189131   9.312887   8.457810
 137      "j^-z+aa"   25  300.592285 265.890472 239.371063
 138    "n^-ph+vva"    5   21.665951  12.775619   5.647810
 139    "n^-th+iia"    5   16.904827  18.287050  16.685167
 140      "k-@@+n^"    5   12.020576  14.997590  33.052944
 141      "j^-ph+a"   10   10.019431  14.323431  15.113673
 142      "l-ee+m^"    5    4.995641   5.002967  10.848981
 143      "l-ee+n^"    5  143.056229  37.991158  34.271877
 144      "l-ee+th"    5    7.614032   5.233169   4.996896
 145   "ng^-phl+ee"    5   40.102676 105.074020  82.708832
 146      "ee-m^+t"    5    5.215569  10.961788   6.639345
 147      "n-a+ng^"   15   44.412079  18.159500  30.885927
 148       "h-u+n^"    5  112.647942  47.855930  70.584343
 149    "a-ng^+phl"    5   30.853491  11.569815  12.671148
 150     "s-uua+n^"    5   69.546463  70.956474  55.849758
 151      "kh-a+w^"    5    4.999263   5.010228   5.012794
 152      "a-k^+ph"   25   51.290611  30.548101  27.417368
 153      "k^-s+@@"   25  220.200333  31.119104  84.457024
 154       "u-n^+s"    5    7.854004   7.890049  11.742685
 155     "ph-uu+kh"    5   50.030281   5.199433   5.116889
 156       "kr-a+d"    5    8.828101   6.519630  34.122509
 157       "z-aa+h"   25   35.624676  49.233215  69.698357
 158      "k-ee+m^"    5   24.933208  18.250547  10.940886
 159      "@@-t^+h"    5   26.325434  50.061420 137.628784
 160       "k-oo+l"    5   30.563416  20.469854  16.955605
 161       "f-v+k^"   25   57.294231  85.278305 109.866302
 162     "kh-x+ng^"    5  117.407921 139.033081  96.826828
 163       "@-r+aa"    5   18.327887  20.185297  16.044468
 164      "ee-n^+k"    5    8.763514  11.869835  78.682747
 165    "ee-th+iia"    5    5.196996   5.279899   7.751356
 166      "vv-ph+a"    5   33.245399  32.217976  14.244475
 167        "k-@+r"    5   32.950493  14.909435  15.010512
 168       "aa-h+a"    5   27.272657  18.535378  13.459972
 169       "k-a+j^"    5   39.902943  12.503309   5.088236
 170      "ph-i+t^"    5   35.269672  24.798115   5.006929
 171     "k^-ph+@@"   25   38.720413  25.109121  64.289177
 172    "ee-ng^+ph"    5    4.997674   6.082040  14.054460
 173      "uu-b+@@"    5   43.573601  28.806231   4.993906
 174       "v-k^+s"   25   32.346100  38.091492  64.011063
 175      "w^-th+a"    5    5.828129   4.999383   5.057174
 176      "oo-l+ee"    5    4.997204   7.009507  10.965899
 177      "ph-a+k^"   25   33.460926  27.733572  97.716072
 178    "th-iia+w^"   25   80.408501  77.640129 121.825775
 179     "pl-@@+j^"    5    5.086764   5.090272  21.927288
 180      "n^-z+aa"    5    5.069829   5.476795  74.265297
 181       "d-uu+n"    5    4.999825  67.180405  57.094891
 182     "ng^-ph+a"   10   20.466671  16.147257  38.303394
 183      "@@-m^+n"    5   23.303301  23.143238   7.685468
 184      "@@-m^+t"   10   49.095852  28.564768  20.960516
 185      "@@-m^+w"    5    6.226962   6.942935  15.422322
 186     "a-ng^+ph"    5   27.183382   8.534432  12.119130
 187       "m^-n+a"    5   12.786744   5.218918   6.498629
 188      "n^-ph+i"    5    5.789508  17.944155   5.007812
