   1      "uu-k+oo"    5    8.822060   7.005283  12.996441
   2       "s-a+j^"    5   20.998470  14.998354   4.999516
   3       "m^-w+i"    5  141.015701  83.059006  74.261002
   4       "a-j^+z"   25   53.955418 106.238190  98.356606
   5       "uu-h+u"    5    6.998137   6.770689  12.216305
   6     "j^-th+@@"    5    6.999720   4.999774   4.999774
   7     "uua-n^+j"    5   16.998735   7.000275  11.998040
   8       "uu-m+a"    5   12.996403  24.992659   4.998555
   9       "uu-n+a"    5   17.376169   4.999349   4.999349
  10      "n^-j+aa"    5  130.334518  72.613617  26.009031
  11      "a-j^+ph"    5    6.999290   8.999583  30.996582
  12      "a-j^+th"    5    8.999905  20.999001  25.997446
  13       "uu-s+a"    5    7.030069   5.998477   6.994858
  14       "a-l+aa"    5    9.000978   7.997814   8.997522
  15       "a-l+ee"    5   34.992046  10.998419   9.998426
  16      "oo-t^+f"    5  163.360458  63.571503  35.024696
  17      "n-@@+n^"    5   21.002426   8.992122   4.999228
  18      "m^-ph+a"    5   11.000315  17.470186  34.929718
  19      "a-w^+th"    5    7.998670  14.988482  11.006021
  20    "iia-w^+ph"    5   26.964251  13.997512   6.999016
  21    "iia-w^+th"    5   87.426933  90.167900  74.307762
  22      "b-aa+n^"    5   30.996412   6.968804  30.993851
  23      "@@-n^+d"    5   10.998816   6.999275  12.998690
  24      "@@-n^+f"    5    4.999500   4.999500   4.999500
  25      "@@-n^+l"   10   73.983315  12.037061  13.997695
  26      "@@-n^+n"    5   14.983774   5.013179   4.999506
  27      "@@-n^+t"    5   20.993782   4.998553   4.998553
  28      "@@-n^+z"    5   11.068086  12.923242   8.998874
  29        "a-l+a"   10   57.908939  25.872335  27.201681
  30      "a-ng^+k"    5    4.998555   4.998555   4.998555
  31      "a-ng^+s"   10   11.997959   9.998128  12.997565
  32      "a-ng^+t"    5    4.998734   4.998734   5.998463
  33       "w^-k+@"    5   19.996126  12.997681  18.996578
  34     "ng^-s+vv"    5    7.924007  22.105776  44.968754
  35      "z-aa+n^"    5   26.999123  31.156652  15.835089
  36      "n^-s+@@"    5    4.998714   4.998714   4.998714
  37       "a-d+oo"    5   12.998315   7.998302  12.997255
  38    "aa-th+iia"    5   20.996386  12.997080   7.101736
  39      "w-i+ng^"    5   36.598080  18.997791  64.973373
  40     "ng^-k+@@"    5   18.994476  12.996221  30.991014
  41      "a-m^+kh"    5   24.182383  13.005149  22.846699
  42     "ee-m^+ph"    5   17.996090   7.998780  13.998109
  43      "n^-k+ee"    5    4.999341   6.998977  10.013756
  44      "s-vv+ph"    5   59.985161  57.534752  45.434982
  45     "aa-n^+ph"   10   10.001508  11.998856  10.998832
  46      "t-@@+j^"    5    4.998748  22.995022   4.998748
  47      "f-a+ng^"    5    4.999500   4.999500   4.999500
  48       "a-m+aa"    5   33.989960  17.005463  26.378183
  49    "m-uua+ng^"    5    9.000313   4.999984  80.997574
  50      "h-aa+n^"   25  183.115616  99.552567  39.238220
  51       "s-aa+h"    5   37.511074   6.487801  12.999707
  52      "m-a+ng^"    5    4.998555   4.998555   7.997665
  53      "x-ng^+s"    5    8.000265   4.999516   5.007183
  54       "a-t^+h"    5   34.923237  70.758034  44.234619
  55     "ng^-t+@@"    5   22.055487  95.879539  47.920769
  56        "@@-s^"    5   80.973053  23.012789  62.152046
  57      "uu-kh+a"    5   72.423904  35.107094 126.411545
  58      "t^-s+aa"    5    8.999846   4.999909   6.999880
  59      "a-p^+th"    5  144.885849  93.091705  61.935291
  60      "n^-t+@@"    5   24.992769  56.956497  35.201591
  61      "b-@@+s^"    5   11.993639  13.998444   8.997149
  62      "s-@@+m^"   30   52.222145 146.236465 106.054794
  63    "uua-ng^+h"    5    5.999740  10.999673   4.999815
  64      "aa-th+i"    5    4.998850   7.998108   7.998052
  65      "n^-l+ee"    5    4.999341  11.042786  36.973454
  66      "l-a+ng^"    5    9.997380   4.998734   4.998734
  67      "d-oo+t^"    5   10.998107   8.998128  24.987494
  68       "i-t^+s"    5   67.964989  70.829056  67.204048
  69      "m^-t+@@"   20   69.376259 210.260193 203.532654
  70    "ph-vva+n^"    5  207.389526  94.782555  29.197367
  71    "w^-th+iia"    5    4.999151   4.999151   4.999151
  72      "n^-d+uu"    5   82.867859  52.993237  30.117552
  73      "a-m+uua"    5   57.758801  25.237104  21.993845
  74       "h-a+j^"   25   73.772392  38.241806 104.971581
  75        "m-a+m"    5    4.999823   5.000339  11.004263
  76      "m-aa+th"    5  106.919769  47.649780  12.996948
  77     "r-aa+ng^"    5   58.985317  11.999250   4.999098
  78          "h+a"    5    5.001666  14.999814   9.000889
  79      "aa-m^+t"    5   32.991745  12.996750  26.993219
  80       "l-a+p^"    5   10.998250  13.999080  18.034401
  81       "j^-f+v"    5    7.646236   4.998748   4.999179
  82       "l-a+t^"    5   14.999263  12.999414   8.001143
  83       "ph-a+l"    5   14.141886   9.873983   4.998744
  84       "n-a+m^"    5    6.999527   6.595387  10.213040
  85     "@@-j^+ph"    5    4.998746   7.997941   4.998746
  86     "aa-ng^+f"    5    4.999098   8.998571   8.998571
  87    "vva-n^+th"    5    7.474390   8.998667   8.998661
  88          "sil"   10   24.544420  46.303036  57.953457
  89       "n^-f+a"    5   17.997293   4.999500   4.999500
  90       "th-a+l"    5    4.999152   4.999152   4.999152
  91      "l-aa+m^"    5    4.998681   4.998681   4.998681
  92     "th-@@+t^"    5    4.999774   8.999331   8.999451
  93    "p^-th+iia"    5   34.997116  32.995171   6.998858
  94      "m^-kh+x"    5   90.731941  62.882820  15.543986
  95       "n^-k+a"    5   59.575127  20.375629  19.046169
  96     "m^-pl+@@"    5   56.990177  42.669319  15.034691
  97       "n^-l+a"    5    4.999228   4.999228   8.998501
  98       "n^-m+a"    5   64.904030   8.999712   4.999823
  99       "n^-n+a"   10    9.998862  19.998066  11.998710
 100       "th-i+f"    5    4.998850   4.998850   6.998374
 101      "@@-s+uu"   25  104.703293  98.052544  48.963612
 102       "n^-s+a"    5    8.999532  14.999367  46.997341
 103     "@@-m^+kr"    5    9.022676   4.999009  12.989628
 104     "@@-m^+pl"    5    9.914231   8.997672  13.276211
 105      "m^-kr+a"    5  129.993439  46.985588 104.974579
 106      "aa-n^+k"    5    6.999525   6.999727  10.999615
 107      "aa-n^+m"    5    7.011042  10.999662  13.092809
 108      "aa-n^+n"   10   39.985203  11.998802   9.998862
 109      "aa-n^+s"    5    7.001412   4.999709  10.999442
 110      "n^-n+@@"    5    6.998865   6.998865   6.999026
 111   "phl-ee+ng^"    5   12.237237  12.998497  19.273806
 112     "w^-ph+uu"    5   19.996624   8.998663   4.999151
 113       "t^-f+v"    5    6.998701  11.039247  31.948437
 114        "s-a+l"   10   15.999105   9.999062  29.993410
 115        "s-a+m"    5    6.998545   8.997940  10.997670
 116       "t^-h+a"   10   20.212519  14.196779  29.810471
 117      "w^-b+aa"    5   15.997379  17.026657  36.994320
 118      "@@-j^+f"    5    4.998748  10.997213  72.331192
 119      "aa-h+aa"   25   58.536957  61.166149 140.426559
 120        "i-f+v"    5   42.984055  13.002446  11.326708
 121      "ng^-f+v"   10   12.010393  11.985437  18.853811
 122     "w^-s+uua"    5    4.999197   6.998989  14.905252
 123      "ng^-h+a"    5    4.999815  13.999434   4.999815
 124      "j-aa+th"    5    6.000033   4.999175   4.999175
 125      "i-ng^+f"    5   13.000609   5.007099   4.999051
 126       "t-@@+s"   25  110.634697 109.597778  82.788986
 127       "s-uu+b"    5   42.985672  12.996305  14.995323
 128       "s-uu+h"    5   63.111900  38.813065  15.003501
 129       "s-uu+k"    5   47.016037  31.166542  17.994577
 130       "s-uu+m"    5   76.279259  82.465736  33.243629
 131       "s-uu+s"    5   17.353359  86.798729  62.768978
 132     "ph-@@+n^"   25   64.995087  89.467278  78.532936
 133      "ng^-s+a"   10   33.987690  34.857197  16.134432
 134     "iia-w^+b"    5   13.997801   5.998940   4.999173
 135     "iia-w^+k"    5    7.998547  16.996944  24.996027
 136     "iia-w^+s"    5   17.988108  19.022493   6.981271
 137      "j^-z+aa"   25  434.981079 274.508179  77.520851
 138    "n^-ph+vva"    5   12.998258  22.997114  17.099678
 139    "n^-th+iia"    5   30.930841  20.080822  88.938408
 140      "k-@@+n^"    5    4.998553   4.998553   4.998553
 141      "j^-ph+a"   10   11.004351  15.457767  78.847054
 142      "l-ee+m^"    5   11.948492   4.998644   4.998644
 143      "l-ee+n^"    5  116.946396  15.016854   4.999341
 144      "l-ee+th"    5    4.999152   4.999152   6.998784
 145   "ng^-phl+ee"    5   88.840965  69.103783  28.764366
 146      "ee-m^+t"    5    4.998644   4.998644   4.998644
 147      "n-a+ng^"   15   16.997042  14.997964  15.996670
 148       "h-u+n^"    5   77.030663  36.940731  27.003294
 149    "a-ng^+phl"    5    4.999796   6.999100   9.034686
 150     "s-uua+n^"    5   22.090563  46.987564  41.994011
 151      "kh-a+w^"    5   15.013234   4.999151   4.999151
 152      "a-k^+ph"   25   71.034065  47.749878  45.034035
 153      "k^-s+@@"   25   39.509060  60.215389  41.850922
 154       "u-n^+s"    5    4.998858   4.998714   4.998714
 155     "ph-uu+kh"    5    5.998914   8.998520   4.999151
 156       "kr-a+d"    5    6.998570   9.998155 105.972961
 157       "z-aa+h"   25   89.933205  78.043930  63.194988
 158      "k-ee+m^"    5   45.225227  28.746756  14.999858
 159      "@@-t^+h"    5  107.477158 108.578987  60.936237
 160       "k-oo+l"    5   45.770218  81.246498  22.937607
 161       "f-v+k^"   25   89.928047  41.249893 180.343933
 162     "kh-x+ng^"    5  102.254028  83.728531 103.967873
 163       "@-r+aa"    5   23.994936  26.994564  25.995420
 164      "ee-n^+k"    5   15.997152   7.998954  10.998283
 165    "ee-th+iia"    5   12.752799  16.242098   4.999152
 166      "vv-ph+a"    5   15.011441   7.015394  20.980080
 167        "k-@+r"    5   19.995802  18.996532  19.996572
 168       "aa-h+a"    5   10.999685  13.999400   7.992034
 169       "k-a+j^"    5   16.999388   7.998182   9.000749
 170      "ph-i+t^"    5   32.998974  15.999743  14.998950
 171     "k^-ph+@@"   25   50.912006  48.840424  69.350410
 172    "ee-ng^+ph"    5    9.722548  10.999031  23.993765
 173      "uu-b+@@"    5   27.987030  52.981277   5.004837
 174       "v-k^+s"   25   42.534611  33.557167  37.902905
 175      "w^-th+a"    5    6.999429   4.999152   6.998908
 176      "oo-l+ee"    5   10.997016  17.994505  22.042870
 177      "ph-a+k^"   25   55.646420  32.775673  57.033028
 178    "th-iia+w^"   25   75.785416 102.366562  67.812286
 179     "pl-@@+j^"    5    7.997939  10.997137   4.998746
 180      "n^-z+aa"    5    6.998896  56.986168  38.992260
 181       "d-uu+n"    5   89.044479  36.410603 105.139404
 182     "ng^-ph+a"   10   20.005657  27.726082  66.006554
 183      "@@-m^+n"    5   37.060322  79.978584  16.996498
 184      "@@-m^+t"   10   35.008396  43.959454  51.711685
 185      "@@-m^+w"    5   12.004565   4.999051  14.000699
 186     "a-ng^+ph"    5    4.999349   4.999349  16.997839
 187       "m^-n+a"    5    4.998851  10.997369  11.997103
 188      "n^-ph+i"    5   10.000033   4.999927  12.000279
