   1      "uu-k+oo"    5   23.621971   6.269745  16.490746
   2       "s-a+j^"    5   23.991528   8.015067   4.998704
   3       "m^-w+i"    5  172.538177  75.532547  96.341919
   4       "a-j^+z"   25   44.053551 143.766907  62.266304
   5       "uu-h+u"    5    6.053951   5.971951   8.720567
   6     "j^-th+@@"    5    7.892138   4.999257   4.999257
   7     "uua-n^+j"    5   30.115086  16.202328  23.005224
   8       "uu-m+a"    5   27.598679  23.210402  85.779884
   9       "uu-n+a"    5   10.384334  11.996756   6.060565
  10      "n^-j+aa"    5   63.997334  93.403404  49.039276
  11      "a-j^+ph"    5    7.017212  16.342102  58.421112
  12      "a-j^+th"    5    7.751075  38.068134 106.262268
  13       "uu-s+a"    5   27.978590   7.995327   8.994555
  14       "a-l+aa"    5    4.997005   4.997005   5.065943
  15       "a-l+ee"    5    4.997995   7.903822   5.346385
  16      "oo-t^+f"    5  123.840164  92.993027  24.410040
  17      "n-@@+n^"    5    7.942014   9.773737  11.222615
  18      "m^-ph+a"    5    6.997597   4.998427  28.701187
  19      "a-w^+th"    5   14.999053  16.988369   8.996988
  20    "iia-w^+ph"    5   55.051483  56.355213  60.206322
  21    "iia-w^+th"    5   30.897593  29.459745   9.555121
  22      "b-aa+n^"    5    5.983757   6.678132   5.352365
  23      "@@-n^+d"    5   19.320396  11.218108  71.187210
  24      "@@-n^+f"    5    8.198477   8.998023  13.996615
  25      "@@-n^+l"   10   22.632477  26.259535  94.611328
  26      "@@-n^+n"    5   10.738411  12.013056  11.031567
  27      "@@-n^+t"    5   16.352440   8.354747  11.814354
  28      "@@-n^+z"    5   10.034148   7.376223  10.977801
  29        "a-l+a"   10   51.953026  17.044725  20.030689
  30      "a-ng^+k"    5   19.452093   8.970816  15.488593
  31      "a-ng^+s"   10   23.028305  17.055006  26.958530
  32      "a-ng^+t"    5   49.895859  12.351253  28.990717
  33       "w^-k+@"    5   21.972260  13.117545   8.916628
  34     "ng^-s+vv"    5   32.062634  12.041102  13.073418
  35      "z-aa+n^"    5   12.390718   8.456612  16.971111
  36      "n^-s+@@"    5   77.978020  16.623875  25.303804
  37       "a-d+oo"    5   13.382006  14.972992   4.997613
  38    "aa-th+iia"    5   35.290333  20.998880  15.259585
  39      "w-i+ng^"    5   39.177029  25.293684  71.251968
  40     "ng^-k+@@"    5   77.019272  35.981831  10.016346
  41      "a-m^+kh"    5   20.673899  10.350256  28.241795
  42     "ee-m^+ph"    5    5.004552   6.991667   5.998053
  43      "n^-k+ee"    5   15.979976   5.986515   5.108695
  44      "s-vv+ph"    5   85.008018  27.006598  42.880283
  45     "aa-n^+ph"   10   14.895579  22.040308  21.181019
  46      "t-@@+j^"    5   21.451523   5.808414  11.992623
  47      "f-a+ng^"    5    7.997780   7.346194  21.986397
  48       "a-m+aa"    5   29.120003  32.953217  22.434019
  49    "m-uua+ng^"    5    6.174456  13.531923  37.195061
  50      "h-aa+n^"   25  153.424469  85.760590  36.271221
  51       "s-aa+h"    5    6.019267   8.512634  31.941320
  52      "m-a+ng^"    5   10.968224   5.997341   6.998844
  53      "x-ng^+s"    5   59.190273  12.861670  22.516542
  54       "a-t^+h"    5   10.936625  16.924156  25.512690
  55     "ng^-t+@@"    5   45.980190  98.192444  58.054794
  56        "@@-s^"    5   58.259502  84.289268  89.977493
  57      "uu-kh+a"    5   23.146248  73.863945  32.154602
  58      "t^-s+aa"    5   12.126597   9.160618   5.090622
  59      "a-p^+th"    5   22.785109 165.190796  93.447571
  60      "n^-t+@@"    5   45.980934  88.118706  26.984306
  61      "b-@@+s^"    5   45.001156  16.173275  13.022284
  62      "s-@@+m^"   30  202.473480 130.189011  43.037209
  63    "uua-ng^+h"    5   47.425144  27.167793  15.815274
  64      "aa-th+i"    5    4.997519   6.996238   5.996878
  65      "n^-l+ee"    5   14.405952  15.941477  18.081947
  66      "l-a+ng^"    5    8.996256   6.008934   5.682664
  67      "d-oo+t^"    5   13.013932  10.018680  12.107219
  68       "i-t^+s"    5   11.162694 139.334839  37.117138
  69      "m^-t+@@"   20   46.705219 179.750336  66.935860
  70    "ph-vva+n^"    5  130.119461  96.156845  44.585033
  71    "w^-th+iia"    5    7.996902   5.998791   7.001189
  72      "n^-d+uu"    5   34.090401  50.002300  55.254311
  73      "a-m+uua"    5   44.234055  19.008654  19.997225
  74       "h-a+j^"   25   75.937584  39.373474  32.168877
  75        "m-a+m"    5    4.999618   4.999618   5.000466
  76      "m-aa+th"    5   48.737694  29.524572  11.912915
  77     "r-aa+ng^"    5   31.709309   7.300569   6.180339
  78          "h+a"    5    8.874894  13.310806  11.885534
  79      "aa-m^+t"    5   26.082972   9.804040   6.247461
  80       "l-a+p^"    5   14.058006   7.623883   7.035634
  81       "j^-f+v"    5   22.991964   8.970183   8.048898
  82       "l-a+t^"    5   15.276927   5.739334   6.870782
  83       "ph-a+l"    5    5.946218   5.126204  19.054619
  84       "n-a+m^"    5    5.062453   4.999476   6.320123
  85     "@@-j^+ph"    5   36.764248  14.628513 121.485184
  86     "aa-ng^+f"    5    6.790105   8.008604  15.988051
  87    "vva-n^+th"    5   12.744479   5.661947   7.126511
  88          "sil"   10  204.957779  43.445255  48.703075
  89       "n^-f+a"    5   12.998261   4.998574   5.998617
  90       "th-a+l"    5    4.997987   4.997987  10.572220
  91      "l-aa+m^"    5   74.475044  16.996414  38.241184
  92     "th-@@+t^"    5    8.998693   8.091076  10.905492
  93    "p^-th+iia"    5   33.936626  23.617111  19.540501
  94      "m^-kh+x"    5   64.816605  32.738194  30.145012
  95       "n^-k+a"    5   86.716972  63.026028  17.961170
  96     "m^-pl+@@"    5   42.920704  50.442410  15.738352
  97       "n^-l+a"    5   20.929125  12.853944  11.450687
  98       "n^-m+a"    5   16.993950  12.013955  12.975541
  99       "n^-n+a"   10   23.991253  15.557188  30.931149
 100       "th-i+f"    5    4.997519   4.997519  21.828997
 101      "@@-s+uu"   25  134.359436  35.698624  45.363937
 102       "n^-s+a"    5    7.778189   5.950889   9.142220
 103     "@@-m^+kr"    5    8.928905   9.959772  12.826137
 104     "@@-m^+pl"    5    8.003502  15.992871  11.550595
 105      "m^-kr+a"    5   88.065849  34.031700  58.468681
 106      "aa-n^+k"    5   25.677702  18.473488  32.998928
 107      "aa-n^+m"    5    8.552958   5.010114   7.003645
 108      "aa-n^+n"   10   42.366947  23.984270  61.101891
 109      "aa-n^+s"    5    8.240216   9.533368  19.045393
 110      "n^-n+@@"    5    6.999535   7.996820   9.976009
 111   "phl-ee+ng^"    5   18.928249  20.205704  10.996253
 112     "w^-ph+uu"    5   41.293182  21.659178  10.685133
 113       "t^-f+v"    5   11.962934  25.506649   8.001872
 114        "s-a+l"   10   15.178464  10.020028  13.528281
 115        "s-a+m"    5    8.996008   7.000290  12.223804
 116       "t^-h+a"   10   76.319717  28.988789  18.073627
 117      "w^-b+aa"    5   14.995061  21.980307  35.984051
 118      "@@-j^+f"    5    7.076166  12.692029  45.188297
 119      "aa-h+aa"   25   47.042446  54.252548  92.816895
 120        "i-f+v"    5    5.193796  41.855042  11.107757
 121      "ng^-f+v"   10   11.027101   9.996517  10.690055
 122     "w^-s+uua"    5   13.786222  18.361477  17.999207
 123      "ng^-h+a"    5    8.331328   9.097985  11.998096
 124      "j-aa+th"    5    8.032366  17.099411  49.548794
 125      "i-ng^+f"    5   34.694962  12.183840   9.970867
 126       "t-@@+s"   25   70.971115  48.565765 125.612495
 127       "s-uu+b"    5    9.024510   5.561890   7.316866
 128       "s-uu+h"    5    8.935509   5.239901   6.948263
 129       "s-uu+k"    5   18.718014  40.778160  13.991600
 130       "s-uu+m"    5   13.034786  10.490005   7.559134
 131       "s-uu+s"    5   10.051364   5.055554   5.963564
 132     "ph-@@+n^"   25  147.310822  51.894009  38.593277
 133      "ng^-s+a"   10   30.390816  15.947695  27.068651
 134     "iia-w^+b"    5   16.997213  11.998557  40.974026
 135     "iia-w^+k"    5   55.388695   9.073605   9.995279
 136     "iia-w^+s"    5   17.539093   9.443333  10.008324
 137      "j^-z+aa"   25  263.499420 227.117737 209.757492
 138    "n^-ph+vva"    5   21.986637  10.636334   8.841664
 139    "n^-th+iia"    5   14.864410  19.004416  15.996909
 140      "k-@@+n^"    5   12.503782  18.746231  25.648430
 141      "j^-ph+a"   10   11.247953  15.022574  17.098003
 142      "l-ee+m^"    5    4.996922   4.996922  10.993753
 143      "l-ee+n^"    5  131.946213  41.837856  31.020283
 144      "l-ee+th"    5    8.164791   4.997987   4.997987
 145   "ng^-phl+ee"    5   39.366203  97.545319  77.500427
 146      "ee-m^+t"    5    5.072252  10.860848   9.872798
 147      "n-a+ng^"   15   42.090446  19.951263  26.947277
 148       "h-u+n^"    5  108.338814  48.047337  68.233421
 149    "a-ng^+phl"    5   30.567844  11.992873  12.994681
 150     "s-uua+n^"    5   64.344025  66.335503  54.880890
 151      "kh-a+w^"    5    4.997912   4.997912   4.998105
 152      "a-k^+ph"   25   48.762661  30.212784  30.171345
 153      "k^-s+@@"   25  205.986176  52.104496  83.562752
 154       "u-n^+s"    5   10.537281   8.000715  12.036510
 155     "ph-uu+kh"    5   42.298012  11.033562   9.616920
 156       "kr-a+d"    5   14.285887  11.223099  30.641760
 157       "z-aa+h"   25   71.649155  57.118755  59.984604
 158      "k-ee+m^"    5   24.072598  18.466589  11.334334
 159      "@@-t^+h"    5   23.705740  54.157318 130.348236
 160       "k-oo+l"    5   28.972858  20.485901  14.966644
 161       "f-v+k^"   25   57.948666  89.221367  98.793251
 162     "kh-x+ng^"    5   76.818367 150.750870  88.943047
 163       "@-r+aa"    5   19.000700  18.947121  16.000278
 164      "ee-n^+k"    5   11.413662  13.887711  75.727455
 165    "ee-th+iia"    5    4.997987   4.997987   9.994800
 166      "vv-ph+a"    5   33.043835  29.859865  20.699692
 167        "k-@+r"    5   28.865011  15.996791  15.000079
 168       "aa-h+a"    5   25.523878  16.008837  13.994457
 169       "k-a+j^"    5   37.004570  13.842400   4.999259
 170      "ph-i+t^"    5   35.667938  21.184740   5.899181
 171     "k^-ph+@@"   25   39.121738  25.401718  85.339035
 172    "ee-ng^+ph"    5    6.001789   6.515524  12.470904
 173      "uu-b+@@"    5   40.082912  30.983532   4.996823
 174       "v-k^+s"   25   40.016998  42.080963  63.778721
 175      "w^-th+a"    5    5.998802   4.997987   4.997987
 176      "oo-l+ee"    5    5.020620   8.116984  11.926833
 177      "ph-a+k^"   25   33.223202  30.803734  94.452339
 178    "th-iia+w^"   25   79.006409  78.741348 106.580276
 179     "pl-@@+j^"    5    5.281582   6.448522  20.606113
 180      "n^-z+aa"    5    4.998291   6.652747  72.473541
 181       "d-uu+n"    5    8.491495  64.150085  55.599079
 182     "ng^-ph+a"   10   20.094639  17.767057  47.794403
 183      "@@-m^+n"    5   23.303328  21.257311   9.352104
 184      "@@-m^+t"   10   43.078796  27.815004  22.836185
 185      "@@-m^+w"    5    9.113675   9.023157  17.717094
 186     "a-ng^+ph"    5   25.361713  10.971364  11.686157
 187       "m^-n+a"    5   12.636158   5.208188   7.607013
 188      "n^-ph+i"    5    6.001393  16.999453   7.245304
