   1      "uu-k+oo"    5    7.201858   6.999170  12.996554
   2       "s-a+j^"    5   20.998800  14.994503   4.999509
   3       "m^-w+i"    5  141.331802  83.094872  74.614166
   4       "a-j^+z"   25   52.124542 107.811188  96.945976
   5       "uu-h+u"    5    6.998130   7.092401  10.404033
   6     "j^-th+@@"    5    6.064604   4.999684   4.999684
   7     "uua-n^+j"    5   16.998344   6.999003  11.998018
   8       "uu-m+a"    5   12.996338  24.992992   4.998507
   9       "uu-n+a"    5   18.689129   4.999375   4.999375
  10      "n^-j+aa"    5  131.231384  72.041824  25.689196
  11      "a-j^+ph"    5    6.999333   8.999624  30.997231
  12      "a-j^+th"    5    9.006240  21.927164  25.997194
  13       "uu-s+a"    5    7.018610   5.998284   6.994967
  14       "a-l+aa"    5    9.000474   7.997392   8.996985
  15       "a-l+ee"    5   34.989628  10.998234   9.998219
  16      "oo-t^+f"    5  163.427887  63.638706  34.883736
  17      "n-@@+n^"    5   20.994738   8.994771   4.999187
  18      "m^-ph+a"    5   10.999061  16.276337  37.741199
  19      "a-w^+th"    5    7.998520  14.986339  11.006860
  20    "iia-w^+ph"    5   26.965660  13.996895   6.998953
  21    "iia-w^+th"    5   86.520683  90.559685  74.955040
  22      "b-aa+n^"    5   31.012424   6.130402  30.995983
  23      "@@-n^+d"    5   10.998929   6.999422  12.998655
  24      "@@-n^+f"    5    4.999501   4.999501   4.999501
  25      "@@-n^+l"   10   73.986359  12.024956  13.997921
  26      "@@-n^+n"    5   14.996741   5.000189   4.999187
  27      "@@-n^+t"    5   20.991879   4.998501   4.998501
  28      "@@-n^+z"    5   11.686266  12.299698   8.998697
  29        "a-l+a"   10   57.920303  26.752729  26.342705
  30      "a-ng^+k"    5    4.998507   4.998507   4.998507
  31      "a-ng^+s"   10   11.997773   9.998060  12.997150
  32      "a-ng^+t"    5    4.998676   4.998676   5.998299
  33       "w^-k+@"    5   19.995777  12.998173  18.997448
  34     "ng^-s+vv"    5    7.166217  22.863592  44.966324
  35      "z-aa+n^"    5   27.001308  32.422554  14.290576
  36      "n^-s+@@"    5    4.998617   4.998617   4.998617
  37       "a-d+oo"    5   11.312483   7.998202  12.997511
  38    "aa-th+iia"    5   20.996542  12.996993   6.175758
  39      "w-i+ng^"    5   35.883121  18.997269  65.023415
  40     "ng^-k+@@"    5   18.993629  12.996045  30.990093
  41      "a-m^+kh"    5   25.805138  13.005435  22.352417
  42     "ee-m^+ph"    5   17.995548   7.998835  13.997549
  43      "n^-k+ee"    5    4.999335   6.998775  10.011432
  44      "s-vv+ph"    5   59.984371  57.546474  47.170849
  45     "aa-n^+ph"   10   10.001468  11.998775  10.998852
  46      "t-@@+j^"    5    4.998683  22.994856   4.998683
  47      "f-a+ng^"    5    4.999501   4.999501   4.999501
  48       "a-m+aa"    5   34.145500  17.008512  25.639574
  49    "m-uua+ng^"    5    9.000360   5.000036  80.998528
  50      "h-aa+n^"   25  186.735611  97.037613  37.809971
  51       "s-aa+h"    5   37.149223   6.849976  12.999757
  52      "m-a+ng^"    5    4.998507   4.998507   7.997283
  53      "x-ng^+s"    5    7.999311   4.999509   5.007692
  54       "a-t^+h"    5   34.942204  71.738724  43.227909
  55     "ng^-t+@@"    5   22.034166  95.925316  48.312592
  56        "@@-s^"    5   80.974297  23.012642  62.161034
  57      "uu-kh+a"    5   74.295601  33.206116 126.907280
  58      "t^-s+aa"    5    8.999883   4.999931   6.999900
  59      "a-p^+th"    5  144.899734  93.066490  61.956741
  60      "n^-t+@@"    5   24.992506  56.950607  35.189369
  61      "b-@@+s^"    5   11.992860  13.997276   8.997160
  62      "s-@@+m^"   30   51.226040 148.366425 106.491386
  63    "uua-ng^+h"    5    5.999800  10.999791   4.999868
  64      "aa-th+i"    5    4.998813   7.998042   7.997690
  65      "n^-l+ee"    5    4.999335  11.031271  36.976711
  66      "l-a+ng^"    5    9.962462   4.998676   4.998676
  67      "d-oo+t^"    5   10.997817   8.998214  24.994053
  68       "i-t^+s"    5   66.529663  72.397346  67.071732
  69      "m^-t+@@"   20   69.879143 209.314819 206.609283
  70    "ph-vva+n^"    5  208.661758  92.687103  30.504097
  71    "w^-th+iia"    5    4.999139   4.999139   4.999139
  72      "n^-d+uu"    5   82.332886  53.556629  30.084141
  73      "a-m+uua"    5   57.059715  26.301996  22.042542
  74       "h-a+j^"   25   73.345230  39.880058 102.934784
  75        "m-a+m"    5    4.999875   5.001486  10.589851
  76      "m-aa+th"    5  110.045265  45.256042  12.997227
  77     "r-aa+ng^"    5   58.992863  11.991344   4.999053
  78          "h+a"    5    5.001824  14.999813   9.000793
  79      "aa-m^+t"    5   32.991772  12.996675  26.993229
  80       "l-a+p^"    5   10.998073  13.998916  18.024378
  81       "j^-f+v"    5    7.094952   4.998683   4.999403
  82       "l-a+t^"    5   14.998967  12.999211   8.000317
  83       "ph-a+l"    5   15.009918   8.997506   4.998681
  84       "n-a+m^"    5    6.999464   5.247453   9.937465
  85     "@@-j^+ph"    5    4.998683   7.997556   4.998683
  86     "aa-ng^+f"    5    4.999053   8.998336   8.998336
  87    "vva-n^+th"    5    7.121842   8.998541   8.998535
  88          "sil"   10   24.492899  46.344425  57.954102
  89       "n^-f+a"    5   17.996912   4.999501   4.999501
  90       "th-a+l"    5    4.999139   4.999139   4.999139
  91      "l-aa+m^"    5    4.998603   4.998603   4.998603
  92     "th-@@+t^"    5    4.999684   8.999209   8.999312
  93    "p^-th+iia"    5   37.105492  30.884418   6.998946
  94      "m^-kh+x"    5   91.147552  63.229076  15.270467
  95       "n^-k+a"    5   60.944515  19.015289  19.035234
  96     "m^-pl+@@"    5   57.312321  42.626266  15.034849
  97       "n^-l+a"    5    4.999187   4.999187   8.998722
  98       "n^-m+a"    5   64.999229   8.999808   4.999875
  99       "n^-n+a"   10    9.998795  19.998051  11.998660
 100       "th-i+f"    5    4.998813   4.998813   6.998416
 101      "@@-s+uu"   25  105.135933  98.022873  50.512970
 102       "n^-s+a"    5    8.999362  14.999153  46.997723
 103     "@@-m^+kr"    5    9.030649   4.998920  11.008613
 104     "@@-m^+pl"    5    9.430258   8.997180  12.997146
 105      "m^-kr+a"    5  131.937332  47.023598 104.968338
 106      "aa-n^+k"    5    6.999405   6.999581  10.999386
 107      "aa-n^+m"    5    7.051920  10.999781  12.998401
 108      "aa-n^+n"   10   39.981907  11.998816   9.998796
 109      "aa-n^+s"    5    7.000721   4.999627  10.999230
 110      "n^-n+@@"    5    6.998954   6.998954   7.002059
 111   "phl-ee+ng^"    5   12.339332  11.841216  21.098356
 112     "w^-ph+uu"    5   19.995922   8.998537   4.999139
 113       "t^-f+v"    5    6.998549  11.017563  31.335875
 114        "s-a+l"   10   15.997881   9.998897  29.990929
 115        "s-a+m"    5    6.998663   8.994407  10.845791
 116       "t^-h+a"   10   20.159498  14.899238  29.882376
 117      "w^-b+aa"    5   15.997513  17.843328  36.999767
 118      "@@-j^+f"    5    4.998683  10.997313  72.882187
 119      "aa-h+aa"   25   57.273357  61.683823 141.193848
 120        "i-f+v"    5   42.990448  12.996954  11.070010
 121      "ng^-f+v"   10   12.011018  11.984230  18.189211
 122     "w^-s+uua"    5    4.999177   6.998891  12.910541
 123      "ng^-h+a"    5    4.999868  13.999573   4.999868
 124      "j-aa+th"    5    5.999506   4.999153   4.999153
 125      "i-ng^+f"    5   12.956020   4.999307   4.998959
 126       "t-@@+s"   25  109.340187 109.563858  81.732246
 127       "s-uu+b"    5   42.986198  12.996402  14.699194
 128       "s-uu+h"    5   63.899548  38.019665  15.003798
 129       "s-uu+k"    5   46.505917  32.787376  17.992664
 130       "s-uu+m"    5   75.099266  82.121536  33.211548
 131       "s-uu+s"    5   17.203548  87.780457  61.946945
 132     "ph-@@+n^"   25   64.998367  88.673187  79.436241
 133      "ng^-s+a"   10   33.985455  34.659134  16.336668
 134     "iia-w^+b"    5   13.997757   5.998837   4.999149
 135     "iia-w^+k"    5    7.998580  16.997688  24.995243
 136     "iia-w^+s"    5   18.023117  19.039324   6.965942
 137      "j^-z+aa"   25  435.980225 281.943756  78.917305
 138    "n^-ph+vva"    5   12.997949  22.996447  16.961681
 139    "n^-th+iia"    5   29.745188  21.255980  88.923347
 140      "k-@@+n^"    5    4.998501   4.998501   4.998501
 141      "j^-ph+a"   10   11.003791  14.347518  80.349625
 142      "l-ee+m^"    5   10.001885   4.998550   4.998550
 143      "l-ee+n^"    5  116.957977  15.015356   4.999335
 144      "l-ee+th"    5    4.999139   4.999139   6.998898
 145   "ng^-phl+ee"    5   88.812508  69.144157  28.636896
 146      "ee-m^+t"    5    4.998550   4.998550   4.998550
 147      "n-a+ng^"   15   16.996996  14.998049  15.996403
 148       "h-u+n^"    5   78.506889  36.957211  26.998783
 149    "a-ng^+phl"    5    4.999783   6.999094   9.028477
 150     "s-uua+n^"    5   24.083961  47.006126  41.975395
 151      "kh-a+w^"    5   14.547307   4.999139   4.999139
 152      "a-k^+ph"   25   72.098892  47.841415  45.596909
 153      "k^-s+@@"   25   39.535507  59.860191  41.154057
 154       "u-n^+s"    5    4.998740   4.998617   4.998617
 155     "ph-uu+kh"    5    5.998822   8.998539   4.999139
 156       "kr-a+d"    5    6.998567   9.997822 107.648514
 157       "z-aa+h"   25   85.017029  76.451981  61.900242
 158      "k-ee+m^"    5   45.315651  28.658834  14.996292
 159      "@@-t^+h"    5  107.348152 108.686821  60.950348
 160       "k-oo+l"    5   45.798374  83.143753  21.016562
 161       "f-v+k^"   25   91.483978  41.707008 181.496964
 162     "kh-x+ng^"    5  101.547501  82.413315 105.989456
 163       "@-r+aa"    5   23.994261  26.994505  25.995468
 164      "ee-n^+k"    5   15.996238   7.998500  10.998016
 165    "ee-th+iia"    5   12.155126  16.840147   4.999139
 166      "vv-ph+a"    5   13.263444   7.002543  20.991121
 167        "k-@+r"    5   19.995167  18.997221  19.995670
 168       "aa-h+a"    5   10.999756  13.999444   7.997242
 169       "k-a+j^"    5   16.999144   7.998046   9.000637
 170      "ph-i+t^"    5   32.999065  15.999813  14.999058
 171     "k^-ph+@@"   25   50.571468  48.620502  69.157829
 172    "ee-ng^+ph"    5    8.753263  10.999046  24.310760
 173      "uu-b+@@"    5   28.283865  52.977936   5.004506
 174       "v-k^+s"   25   41.943760  32.503719  37.843361
 175      "w^-th+a"    5    6.999587   4.999139   6.998837
 176      "oo-l+ee"    5   10.997042  17.994558  23.988407
 177      "ph-a+k^"   25   50.936005  32.598030  55.888760
 178    "th-iia+w^"   25   75.843208 102.748581  68.144112
 179     "pl-@@+j^"    5    7.997554  10.996428   4.998683
 180      "n^-z+aa"    5    6.999015  56.989639  39.267902
 181       "d-uu+n"    5   90.990944  28.634262 109.661232
 182     "ng^-ph+a"   10   20.004995  27.028883  69.662720
 183      "@@-m^+n"    5   37.064507  79.980316  16.996504
 184      "@@-m^+t"   10   35.013691  43.360218  51.741825
 185      "@@-m^+w"    5   12.004768   4.998959  14.000175
 186     "a-ng^+ph"    5    4.999375   4.999375  16.997353
 187       "m^-n+a"    5    4.998814  10.997272  11.996899
 188      "n^-ph+i"    5   10.000068   4.999948  12.000326
