   1      "uu-k+oo"    5   23.837042   6.093117  16.454184
   2       "s-a+j^"    5   23.616711   7.891438   5.003488
   3       "m^-w+i"    5  177.559799  74.484657  94.625679
   4       "a-j^+z"   25   43.142582 147.395477  39.730492
   5       "uu-h+u"    5    6.111212   5.404415   8.566226
   6     "j^-th+@@"    5    7.075454   4.999482   4.999565
   7     "uua-n^+j"    5   31.047407  14.652426  20.151436
   8       "uu-m+a"    5   28.535072  22.825998  88.883354
   9       "uu-n+a"    5    9.818274  11.996170   6.011961
  10      "n^-j+aa"    5   66.463165  94.664986  49.000401
  11      "a-j^+ph"    5    7.292336  16.780397  58.601646
  12      "a-j^+th"    5    7.253767  38.759800 106.887329
  13       "uu-s+a"    5   27.982393   8.011246   8.988009
  14       "a-l+aa"    5    4.996980   4.996980   5.053234
  15       "a-l+ee"    5    4.999056   8.029738   5.287739
  16      "oo-t^+f"    5  126.272720  93.025742  24.611895
  17      "n-@@+n^"    5    6.857917   9.141448  12.264122
  18      "m^-ph+a"    5    6.998073   5.013882  28.137417
  19      "a-w^+th"    5   14.987343  17.089911   8.912352
  20    "iia-w^+ph"    5   56.948082  56.705975  61.027130
  21    "iia-w^+th"    5   29.476646  31.067936   8.481033
  22      "b-aa+n^"    5    5.476341   6.918355   5.675138
  23      "@@-n^+d"    5   18.546186  10.908005  71.380501
  24      "@@-n^+f"    5    8.050211   8.995251  13.997679
  25      "@@-n^+l"   10   21.648565  26.892618  99.424164
  26      "@@-n^+n"    5    9.855886  11.686101  12.439513
  27      "@@-n^+t"    5   15.764876   8.648441   8.730438
  28      "@@-n^+z"    5   10.116915   7.617340  10.376733
  29        "a-l+a"   10   55.433102  16.890524  19.490702
  30      "a-ng^+k"    5   20.624645   7.885464  15.444412
  31      "a-ng^+s"   10   23.000362  17.034552  27.120987
  32      "a-ng^+t"    5   49.601822  12.621789  29.546623
  33       "w^-k+@"    5   22.951000  12.231639   7.948052
  34     "ng^-s+vv"    5   32.439854  12.013679  11.722356
  35      "z-aa+n^"    5   12.597228   8.308942  16.220034
  36      "n^-s+@@"    5   78.547630  15.684669  25.470802
  37       "a-d+oo"    5   12.226561  14.867269   4.997745
  38    "aa-th+iia"    5   35.825325  20.536457  15.115751
  39      "w-i+ng^"    5   36.252342  26.696634  73.822655
  40     "ng^-k+@@"    5   78.756912  36.180965   9.083218
  41      "a-m^+kh"    5   21.305145   8.517707  30.063103
  42     "ee-m^+ph"    5    5.085445   6.913251   5.998193
  43      "n^-k+ee"    5   15.980834   5.387389   5.071236
  44      "s-vv+ph"    5   86.291122  26.859926  42.742523
  45     "aa-n^+ph"   10   14.934617  22.016037  21.221064
  46      "t-@@+j^"    5   21.755968   5.325093  11.983608
  47      "f-a+ng^"    5    7.998394   6.162415  22.859987
  48       "a-m+aa"    5   31.832550  33.250610  19.980518
  49    "m-uua+ng^"    5    5.047467  12.852002  38.236633
  50      "h-aa+n^"   25  150.096466  89.233101  33.155807
  51       "s-aa+h"    5    5.619066   8.262622  31.861862
  52      "m-a+ng^"    5    8.189319   6.032340   6.533011
  53      "x-ng^+s"    5   54.262299  12.180761  23.135670
  54       "a-t^+h"    5   11.440747  16.931532  25.386473
  55     "ng^-t+@@"    5   46.349003  98.797218  59.091492
  56        "@@-s^"    5   61.060528  84.428505  90.055870
  57      "uu-kh+a"    5   23.891523  73.841927  34.063271
  58      "t^-s+aa"    5   10.198874   9.271455   5.156732
  59      "a-p^+th"    5   22.763453 165.503479  93.959656
  60      "n^-t+@@"    5   48.420605  87.983757  26.993473
  61      "b-@@+s^"    5   46.726349  11.928432  12.991608
  62      "s-@@+m^"   30  211.037903 130.141052  37.381470
  63    "uua-ng^+h"    5   47.911331  26.961126  16.980972
  64      "aa-th+i"    5    4.997472   6.940918   6.052518
  65      "n^-l+ee"    5   13.255919  15.943406  17.191904
  66      "l-a+ng^"    5    9.382030   6.028282   5.184130
  67      "d-oo+t^"    5   13.015676  10.003338  10.306426
  68       "i-t^+s"    5   10.925076 141.587952  36.817535
  69      "m^-t+@@"   20   47.357098 185.411880  67.970657
  70    "ph-vva+n^"    5  130.823639  96.379562  45.464260
  71    "w^-th+iia"    5    7.990942   5.998585   6.800646
  72      "n^-d+uu"    5   34.993935  49.062443  55.547264
  73      "a-m+uua"    5   43.425915  20.544235  20.160164
  74       "h-a+j^"   25   75.814819  37.285793  32.327538
  75        "m-a+m"    5    4.999559   4.999559   5.001734
  76      "m-aa+th"    5   54.247204  28.407139  10.086504
  77     "r-aa+ng^"    5   31.992699   6.255095   6.596653
  78          "h+a"    5    7.522295  13.671424  12.624950
  79      "aa-m^+t"    5   26.706131   8.337409   6.293087
  80       "l-a+p^"    5   15.019675   6.737635   7.074877
  81       "j^-f+v"    5   23.176027   8.059638   8.630388
  82       "l-a+t^"    5   15.830792   5.481252   6.080385
  83       "ph-a+l"    5    5.203666   5.157551  17.316458
  84       "n-a+m^"    5    5.014118   4.999938   5.689502
  85     "@@-j^+ph"    5   36.997021  13.506703 123.221375
  86     "aa-ng^+f"    5    7.216463   8.070496  16.001650
  87    "vva-n^+th"    5   12.018800   5.203622   6.025661
  88          "sil"   10  204.950867  44.121716  48.797890
  89       "n^-f+a"    5   12.998393   4.999354   5.999157
  90       "th-a+l"    5    4.998082   4.998082  10.595413
  91      "l-aa+m^"    5   74.269730  17.298237  38.160595
  92     "th-@@+t^"    5    8.999227   7.842264  11.012900
  93    "p^-th+iia"    5   32.994801  24.171509  19.594032
  94      "m^-kh+x"    5   52.780579  28.395735  25.803038
  95       "n^-k+a"    5   90.455635  61.818283  17.080070
  96     "m^-pl+@@"    5   43.911163  50.149773  15.340643
  97       "n^-l+a"    5   17.915827  12.824599  10.289150
  98       "n^-m+a"    5   18.745979  12.014186  12.189850
  99       "n^-n+a"   10   21.285666  13.804454  31.776070
 100       "th-i+f"    5    4.997472   4.997472  21.669462
 101      "@@-s+uu"   25  148.984238  33.767811  33.206406
 102       "n^-s+a"    5    6.423559   5.703165   9.048245
 103     "@@-m^+kr"    5    7.255071   7.972909  10.961868
 104     "@@-m^+pl"    5    8.220825  16.027372  11.280445
 105      "m^-kr+a"    5   90.569008  34.362282  62.735073
 106      "aa-n^+k"    5   23.601250  17.495121  32.869617
 107      "aa-n^+m"    5    7.956828   5.018718   6.028437
 108      "aa-n^+n"   10   42.890041  24.139807  64.708969
 109      "aa-n^+s"    5    7.507272   9.419332  21.019287
 110      "n^-n+@@"    5    6.704249   8.001737   9.970129
 111   "phl-ee+ng^"    5   16.231144  15.527151  10.995789
 112     "w^-ph+uu"    5   41.883873  20.968662   9.994328
 113       "t^-f+v"    5   10.994091  25.611647   7.991853
 114        "s-a+l"   10   15.080872  10.056557  12.130942
 115        "s-a+m"    5    8.862264   6.859567   9.234578
 116       "t^-h+a"   10   76.302078  29.576174  16.971720
 117      "w^-b+aa"    5   14.996336  21.588614  36.385647
 118      "@@-j^+f"    5    7.084144  12.156204  44.445496
 119      "aa-h+aa"   25   42.670818  55.186394  93.974266
 120        "i-f+v"    5    5.316363  41.924969  10.628022
 121      "ng^-f+v"   10   10.647247  10.180988  10.908870
 122     "w^-s+uua"    5   12.903441  20.323566  14.206514
 123      "ng^-h+a"    5    6.538831   9.317499  11.995385
 124      "j-aa+th"    5    7.929128  16.076752  49.176437
 125      "i-ng^+f"    5   34.020134  10.941855  10.000058
 126       "t-@@+s"   25   62.722530  48.855656 129.453979
 127       "s-uu+b"    5    8.978894   5.181454   6.946403
 128       "s-uu+h"    5    7.457245   5.196081   6.109443
 129       "s-uu+k"    5   19.215784  41.072071  13.557671
 130       "s-uu+m"    5   11.613495   9.174523   8.040999
 131       "s-uu+s"    5    9.957101   5.532698   5.466561
 132     "ph-@@+n^"   25  173.427353  44.761688  39.057690
 133      "ng^-s+a"   10   30.033865  15.902373  27.302843
 134     "iia-w^+b"    5   17.022854  11.723588  41.004665
 135     "iia-w^+k"    5   56.682068   7.629423   9.847368
 136     "iia-w^+s"    5   16.756479   9.030982   9.289677
 137      "j^-z+aa"   25  274.895386 248.943527 221.031158
 138    "n^-ph+vva"    5   21.898766  10.966705   8.029950
 139    "n^-th+iia"    5   15.949400  18.797991  16.198887
 140      "k-@@+n^"    5   12.205851  17.063698  28.106773
 141      "j^-ph+a"   10   10.770282  15.119571  16.261320
 142      "l-ee+m^"    5    4.996768   4.996767  10.993435
 143      "l-ee+n^"    5  133.735123  40.782318  31.642729
 144      "l-ee+th"    5    8.072305   4.998561   4.998082
 145   "ng^-phl+ee"    5   39.813057 100.345711  82.126358
 146      "ee-m^+t"    5    5.022641  10.949892   8.900691
 147      "n-a+ng^"   15   42.946774  19.485615  27.777872
 148       "h-u+n^"    5  109.041367  48.023533  69.350311
 149    "a-ng^+phl"    5   30.177149  11.997199  12.990361
 150     "s-uua+n^"    5   65.394142  67.995750  55.649620
 151      "kh-a+w^"    5    4.999335   4.998028   4.999614
 152      "a-k^+ph"   25   49.672016  30.411087  28.982397
 153      "k^-s+@@"   25  213.320313  43.579842  84.304291
 154       "u-n^+s"    5    9.442325   8.011189  12.520054
 155     "ph-uu+kh"    5   46.444195   7.287527   6.595089
 156       "kr-a+d"    5   11.397236   9.315445  32.370842
 157       "z-aa+h"   25   52.913067  56.647964  61.389492
 158      "k-ee+m^"    5   24.565207  18.264154  11.087173
 159      "@@-t^+h"    5   24.186310  52.316208 133.271133
 160       "k-oo+l"    5   29.082844  20.404303  14.989982
 161       "f-v+k^"   25   58.454311  89.706047 100.477859
 162     "kh-x+ng^"    5  104.010040 147.502502  91.439217
 163       "@-r+aa"    5   18.935532  19.035810  15.996240
 164      "ee-n^+k"    5   11.066319  13.422378  76.717117
 165    "ee-th+iia"    5    4.998153   5.019660   9.045404
 166      "vv-ph+a"    5   33.127029  30.452707  18.264595
 167        "k-@+r"    5   30.493757  15.600178  15.006422
 168       "aa-h+a"    5   26.222773  16.456385  14.000665
 169       "k-a+j^"    5   37.874088  13.388618   5.000644
 170      "ph-i+t^"    5   36.280968  22.766502   5.004629
 171     "k^-ph+@@"   25   39.002937  25.316341  70.423767
 172    "ee-ng^+ph"    5    5.727883   6.994510  12.245875
 173      "uu-b+@@"    5   40.086441  31.235075   4.996377
 174       "v-k^+s"   25   37.823616  39.672871  64.176796
 175      "w^-th+a"    5    5.999047   4.998082   4.998082
 176      "oo-l+ee"    5    5.000626   8.320371  11.669326
 177      "ph-a+k^"   25   33.134033  29.575455  96.807304
 178    "th-iia+w^"   25   79.934425  78.860870 107.796669
 179     "pl-@@+j^"    5    5.375543   5.526711  21.500479
 180      "n^-z+aa"    5    4.999615   6.290835  72.827568
 181       "d-uu+n"    5    6.768099  65.944786  56.161610
 182     "ng^-ph+a"   10   20.954653  17.147388  48.015278
 183      "@@-m^+n"    5   23.212812  21.211269   9.426295
 184      "@@-m^+t"   10   46.299183  28.444565  21.795250
 185      "@@-m^+w"    5    8.999039   8.117490  17.233583
 186     "a-ng^+ph"    5   26.317749  10.419696  11.103213
 187       "m^-n+a"    5   12.401944   5.354912   6.747354
 188      "n^-ph+i"    5    6.001414  17.056528   6.071001
