   1      "uu-k+oo"    5    4.996636   5.084633  13.023790
   2       "s-a+j^"    5   24.398264  10.856616   5.026933
   3       "m^-w+i"    5  145.030090  81.679482  80.879456
   4       "a-j^+z"   25   49.653286 123.720818  79.611641
   5       "uu-h+u"    5    8.218729   5.001745   6.212736
   6     "j^-th+@@"    5    4.999355   4.999359   5.003181
   7     "uua-n^+j"    5   16.643375   6.697269   9.319753
   8       "uu-m+a"    5    5.448731  28.857130   4.995995
   9       "uu-n+a"    5   20.607462   5.002211   5.004803
  10      "n^-j+aa"    5  139.116699  67.789337  25.319815
  11      "a-j^+ph"    5    7.805850   5.435862  32.739418
  12      "a-j^+th"    5    7.743215  24.600407  27.213148
  13       "uu-s+a"    5    4.998377   5.799868   6.982032
  14       "a-l+aa"    5    8.644762   7.766702   9.151232
  15       "a-l+ee"    5   38.078320   9.510132   9.235252
  16      "oo-t^+f"    5  164.882431  70.106400  27.304276
  17      "n-@@+n^"    5   21.680607   6.496742   5.003169
  18      "m^-ph+a"    5    8.073957  11.369189  59.400623
  19      "a-w^+th"    5    7.176996  14.829785  11.377677
  20    "iia-w^+ph"    5   25.394211  14.808887   6.128371
  21    "iia-w^+th"    5   86.232201  82.407768  88.829063
  22      "b-aa+n^"    5   30.722355   5.656656  23.444212
  23      "@@-n^+d"    5    5.622805   5.242039  13.722805
  24      "@@-n^+f"    5    5.176054   5.429851   5.359522
  25      "@@-n^+l"   10   72.623199  10.038836  15.110579
  26      "@@-n^+n"    5    6.398996   5.023234   5.054463
  27      "@@-n^+t"    5   18.919584   5.007254   5.050001
  28      "@@-n^+z"    5    5.068622  15.787460   6.349703
  29        "a-l+a"   10   63.665829  24.236595  30.680706
  30      "a-ng^+k"    5    4.997740   4.996685   4.996050
  31      "a-ng^+s"   10   11.395549  10.072358  12.954768
  32      "a-ng^+t"    5    4.996658   4.996348   4.997074
  33       "w^-k+@"    5   20.055609  13.083315  19.006033
  34     "ng^-s+vv"    5    5.028048  24.976467  41.920403
  35      "z-aa+n^"    5   26.583271  29.658846   8.464587
  36      "n^-s+@@"    5    4.996274   4.996274   4.996274
  37       "a-d+oo"    5    5.975282   5.005708  14.815388
  38    "aa-th+iia"    5   21.480354  13.210757   5.060560
  39      "w-i+ng^"    5   29.168501  18.000284  72.641594
  40     "ng^-k+@@"    5   18.919088  13.133483  32.817188
  41      "a-m^+kh"    5   30.195875  12.379437  21.308846
  42     "ee-m^+ph"    5   19.407911   7.341016  15.965489
  43      "n^-k+ee"    5    5.094527   5.802682  10.955312
  44      "s-vv+ph"    5   63.017822  57.592854  54.811401
  45     "aa-n^+ph"   10   10.719525  11.218823  11.194587
  46      "t-@@+j^"    5    5.004268  22.957752   5.015994
  47      "f-a+ng^"    5    4.998610   4.998630   5.000434
  48       "a-m+aa"    5   36.673820  16.965464  20.980112
  49    "m-uua+ng^"    5    8.977718   4.999655  80.982445
  50      "h-aa+n^"   25  200.420837  71.754333  26.630402
  51       "s-aa+h"    5   35.832573   8.848721  13.093777
  52      "m-a+ng^"    5    4.996033   4.997764   8.034069
  53      "x-ng^+s"    5    8.034020   5.017647   5.010737
  54       "a-t^+h"    5   38.229607  72.634224  40.260956
  55     "ng^-t+@@"    5   21.218504  96.910927  52.190090
  56        "@@-s^"    5   85.764160  23.352312  59.989536
  57      "uu-kh+a"    5   75.691704  29.807312 137.877762
  58      "t^-s+aa"    5    5.002444   5.014173   5.457991
  59      "a-p^+th"    5  144.713272  92.493340  68.159035
  60      "n^-t+@@"    5   25.085497  57.167706  34.503265
  61      "b-@@+s^"    5   13.144652  12.880816   5.014372
  62      "s-@@+m^"   30   43.016975 169.075714 128.700089
  63    "uua-ng^+h"    5    5.646003  10.707679   5.827496
  64      "aa-th+i"    5    4.997186   4.996789  10.372039
  65      "n^-l+ee"    5    4.998271  11.036395  31.216074
  66      "l-a+ng^"    5    4.996427   4.996405   4.996401
  67      "d-oo+t^"    5   11.309614   6.507298  27.773460
  68       "i-t^+s"    5   65.625221  87.922691  60.546970
  69      "m^-t+@@"   20   70.343231 206.780182 221.111542
  70    "ph-vva+n^"    5  226.836685  83.808304  34.427322
  71    "w^-th+iia"    5    4.997242   4.997174   4.997289
  72      "n^-d+uu"    5   78.814598  57.828995  28.959042
  73      "a-m+uua"    5   58.713802  27.971504  22.375795
  74       "h-a+j^"   25   78.784882  36.327591  96.384125
  75        "m-a+m"    5    5.000093   5.020798   6.607378
  76      "m-aa+th"    5  124.494896  36.375114  12.374934
  77     "r-aa+ng^"    5   61.631680   9.291358   5.043576
  78          "h+a"    5    5.062399  16.862762   6.325610
  79      "aa-m^+t"    5   35.187107   6.624485  32.278896
  80       "l-a+p^"    5    8.961088  16.620575  11.856596
  81       "j^-f+v"    5    5.021391   4.998531   5.004779
  82       "l-a+t^"    5   16.323637  13.272332   5.527641
  83       "ph-a+l"    5   18.834398   5.090349   4.998283
  84       "n-a+m^"    5    5.035141   5.044904   6.782679
  85     "@@-j^+ph"    5    5.403142   7.718526   5.002527
  86     "aa-ng^+f"    5    5.041780   9.865201   8.124883
  87    "vva-n^+th"    5    4.997335  10.137213   5.874708
  88          "sil"   10   24.217228  45.917442  58.641495
  89       "n^-f+a"    5   16.938288   5.002245   5.002940
  90       "th-a+l"    5    5.008521   5.000581   5.648762
  91      "l-aa+m^"    5    4.996153   5.006097   5.226192
  92     "th-@@+t^"    5    5.038551   9.568267   6.148777
  93    "p^-th+iia"    5   39.565041  26.882374   4.997633
  94      "m^-kh+x"    5   89.296165  64.848495  14.969961
  95       "n^-k+a"    5   69.706985  14.755776  18.670864
  96     "m^-pl+@@"    5   65.228149  42.478737  15.018801
  97       "n^-l+a"    5    4.997550   5.234307  10.292886
  98       "n^-m+a"    5   75.794952   5.309029   5.189806
  99       "n^-n+a"   10   10.002776  22.622335  11.337659
 100       "th-i+f"    5    4.996595   4.996699   4.996608
 101      "@@-s+uu"   25  113.724548  93.695831  55.998100
 102       "n^-s+a"    5    5.439259  14.218776  49.884182
 103     "@@-m^+kr"    5    4.996926   5.089667   5.088203
 104     "@@-m^+pl"    5    7.035793   8.915443   5.025625
 105      "m^-kr+a"    5  137.085327  47.550426 106.122520
 106      "aa-n^+k"    5    6.789541   5.053407   5.034313
 107      "aa-n^+m"    5    5.268041  12.006764   5.036264
 108      "aa-n^+n"   10   44.781197  10.264107  10.709441
 109      "aa-n^+s"    5    6.206093   5.032629  12.113468
 110      "n^-n+@@"    5    7.200877   6.785290   8.702023
 111   "phl-ee+ng^"    5    5.004644   6.919218  25.332918
 112     "w^-ph+uu"    5   20.421547   9.282408   5.243676
 113       "t^-f+v"    5    4.997160   7.336621  33.222767
 114        "s-a+l"   10   14.165482  10.079336  30.072062
 115        "s-a+m"    5    6.386743   5.889340   7.617898
 116       "t^-h+a"   10   21.418270  14.043748  26.287548
 117      "w^-b+aa"    5   16.147451  18.348251  36.986057
 118      "@@-j^+f"    5    4.996513  10.109359  75.785210
 119      "aa-h+aa"   25   49.351643  49.824753 158.349091
 120        "i-f+v"    5   47.229145  11.066847  10.855444
 121      "ng^-f+v"   10   12.108639  12.411375  13.890521
 122     "w^-s+uua"    5    5.002560   5.350865   5.356670
 123      "ng^-h+a"    5    5.007026  14.056159   5.099256
 124      "j-aa+th"    5    4.997412   4.997410   5.003182
 125      "i-ng^+f"    5    6.093937   5.015018   5.003500
 126       "t-@@+s"   25  120.527954 104.694984  61.459965
 127       "s-uu+b"    5   42.777004   8.640678   6.081667
 128       "s-uu+h"    5   64.604980  38.581234  13.604877
 129       "s-uu+k"    5   43.832367  39.178223  13.593214
 130       "s-uu+m"    5   60.927925  92.226486  38.282192
 131       "s-uu+s"    5   13.181052  96.197922  59.834095
 132     "ph-@@+n^"   25   60.060791 108.312599  89.478920
 133      "ng^-s+a"   10   34.018673  42.747108  14.035348
 134     "iia-w^+b"    5   12.521081   5.647135   5.001728
 135     "iia-w^+k"    5    4.997296  20.498005  25.985882
 136     "iia-w^+s"    5   22.485373  14.426700   7.042192
 137      "j^-z+aa"   25  455.928375 314.016266 113.422569
 138    "n^-ph+vva"    5   13.849134  25.167219  10.724098
 139    "n^-th+iia"    5   30.128065  22.323385  90.250824
 140      "k-@@+n^"    5    5.000908   4.996498   5.001397
 141      "j^-ph+a"   10   10.168711  12.067926  85.605675
 142      "l-ee+m^"    5    4.996236   4.996114   4.996113
 143      "l-ee+n^"    5  124.022316  13.424730   5.011138
 144      "l-ee+th"    5    4.997277   4.997277   7.016776
 145   "ng^-phl+ee"    5   90.778618  69.318474  36.653809
 146      "ee-m^+t"    5    4.996113   4.996113   4.996128
 147      "n-a+ng^"   15   15.039614  15.018820  15.767928
 148       "h-u+n^"    5   83.335518  39.319546  24.772406
 149    "a-ng^+phl"    5    5.008422   5.000555   8.997798
 150     "s-uua+n^"    5   31.809143  48.738712  40.551113
 151      "kh-a+w^"    5    4.997217   4.997303   5.002691
 152      "a-k^+ph"   25   82.155891  48.079308  61.538902
 153      "k^-s+@@"   25   30.610046  62.981060  27.843399
 154       "u-n^+s"    5    4.996274   4.996274   4.996274
 155     "ph-uu+kh"    5    5.195819   8.206946   5.086971
 156       "kr-a+d"    5    5.009253   7.076155 117.518806
 157       "z-aa+h"   25   42.454967  78.532761  59.900574
 158      "k-ee+m^"    5   44.519463  31.320869  12.472868
 159      "@@-t^+h"    5  111.684349 104.216789  66.027084
 160       "k-oo+l"    5   50.202293  91.265663   9.252996
 161       "f-v+k^"   25   96.468826  46.652584 184.871643
 162     "kh-x+ng^"    5  101.586342  76.557037 112.384781
 163       "@-r+aa"    5   23.986227  26.984789  26.000877
 164      "ee-n^+k"    5   16.826504   7.071132  11.527450
 165    "ee-th+iia"    5   11.372280  17.740601   4.997668
 166      "vv-ph+a"    5    4.997809   5.017340  23.716814
 167        "k-@+r"    5   19.971355  20.878632  18.097847
 168       "aa-h+a"    5   11.189159  15.041219   6.532890
 169       "k-a+j^"    5   16.872843   8.947311   6.896331
 170      "ph-i+t^"    5   37.003376  18.316441  10.316222
 171     "k^-ph+@@"   25   25.157045  57.733772  68.016693
 172    "ee-ng^+ph"    5    7.762536   8.931990  30.895514
 173      "uu-b+@@"    5   37.289696  53.003117   4.995754
 174       "v-k^+s"   25   29.122118  31.135609  37.381733
 175      "w^-th+a"    5    4.997233   4.997221   5.755683
 176      "oo-l+ee"    5   11.940850  17.947556  29.412430
 177      "ph-a+k^"   25   25.077330  25.336271  44.622517
 178    "th-iia+w^"   25   76.153435 101.170738  72.845879
 179     "pl-@@+j^"    5    7.781568  10.950994   5.261298
 180      "n^-z+aa"    5    4.998639  59.052151  44.567577
 181       "d-uu+n"    5   95.145523  16.385752 115.862717
 182     "ng^-ph+a"   10   14.846189  17.658686  94.164261
 183      "@@-m^+n"    5   36.670872  82.893097  15.153461
 184      "@@-m^+t"   10   34.650146  41.741730  52.843319
 185      "@@-m^+w"    5    8.979262   5.396032  11.811213
 186     "a-ng^+ph"    5    4.998240   5.056705  19.417599
 187       "m^-n+a"    5    5.002978  11.335854  12.997910
 188      "n^-ph+i"    5    7.968981   5.050846   4.999821
